t,rollout_0,rollout_1,rollout_2,rollout_3,rollout_4,rollout_5,rollout_6,rollout_7,rollout_8,rollout_9
1,0.0,0.0,0.0,0.0,0.0,0.0,0.0,0.0,0.0,0.0
2,1.0,0.0,1.0,1.0,0.0,1.0,0.0,0.0,1.0,0.0
3,0.0,0.0,0.0,1.0,1.0,0.0,1.0,0.0,0.0,0.0
4,0.0,0.0,0.0,1.0,0.0,0.0,0.0,0.0,0.0,0.0
5,0.0,1.0,0.0,1.0,0.0,0.0,0.0,0.0,0.0,0.0
6,0.0,0.0,1.0,0.0,0.0,0.0,0.0,0.0,0.0,0.0
7,0.0,0.0,0.0,0.0,0.0,0.0,0.0,1.0,0.0,1.0
8,0.0,0.0,0.0,1.0,0.0,0.0,0.0,0.0,1.0,0.0
9,0.0,0.0,1.0,0.0,0.0,0.0,1.0,0.0,0.0,1.0
10,0.0,0.0,0.0,1.0,0.0,1.0,0.0,0.0,0.0,0.0
11,0.0,0.0,1.0,0.0,0.0,0.0,0.0,0.0,0.0,1.0
12,1.0,0.0,1.0,0.0,0.0,0.0,0.0,0.0,0.0,0.0
13,0.0,1.0,0.0,0.0,0.0,1.0,0.0,1.0,0.0,0.0
14,0.0,0.0,1.0,0.0,0.0,0.0,0.0,0.0,0.0,0.0
15,1.0,1.0,1.0,0.0,0.0,0.0,0.0,0.0,0.0,0.0
16,0.0,0.0,1.0,1.0,0.0,0.0,0.0,0.0,0.0,0.0
17,1.0,0.0,1.0,1.0,1.0,0.0,0.0,0.0,1.0,0.0
18,0.0,0.0,0.0,1.0,2.0,0.0,0.0,0.0,0.0,0.0
19,0.0,1.0,1.0,1.0,2.0,1.0,0.0,0.0,0.0,1.0
20,1.0,2.0,1.0,0.0,2.0,0.0,1.0,0.0,0.0,0.0
21,0.0,2.0,1.0,2.0,2.0,0.0,0.0,1.0,0.0,2.0
22,0.0,2.0,2.0,3.0,3.0,1.0,0.0,1.0,2.0,2.0
23,0.0,1.0,2.0,1.0,1.0,0.0,0.0,0.0,4.0,3.0
24,1.0,2.0,1.0,1.0,2.0,0.0,0.0,0.0,1.0,1.0
25,1.0,2.0,2.0,2.0,1.0,0.0,0.0,1.0,2.0,1.0
26,1.0,0.0,2.0,2.0,2.0,0.0,0.0,1.0,1.0,2.0
27,1.0,0.0,4.0,1.0,2.0,1.0,0.0,2.0,3.0,3.0
28,0.0,1.0,1.0,0.0,0.0,1.0,0.0,2.0,0.0,1.0
29,0.0,0.0,2.0,0.0,2.0,0.0,0.0,2.0,0.0,1.0
30,1.0,1.0,2.0,1.0,1.0,1.0,1.0,1.0,1.0,2.0
31,1.0,1.0,1.0,0.0,2.0,1.0,0.0,1.0,0.0,1.0
32,1.0,1.0,4.0,2.0,1.0,2.0,2.0,1.0,1.0,1.0
33,0.0,1.0,1.0,0.0,1.0,1.0,1.0,0.0,0.0,0.0
34,0.0,1.0,2.0,0.0,0.0,1.0,1.0,0.0,0.0,1.0
35,0.0,3.0,4.0,0.0,2.0,1.0,2.0,0.0,1.0,1.0
36,1.0,1.0,3.0,1.0,2.0,2.0,2.0,0.0,0.0,2.0
37,2.0,2.0,5.0,2.0,4.0,2.0,3.0,0.0,0.0,1.0
38,0.0,1.0,4.0,2.0,0.0,1.0,1.0,0.0,0.0,1.0
39,0.0,0.0,3.0,1.0,1.0,1.0,0.0,0.0,1.0,1.0
40,0.0,0.0,1.0,3.0,0.0,2.0,1.0,0.0,1.0,1.0
41,0.0,1.0,1.0,2.0,0.0,3.0,2.0,1.0,3.0,1.0
42,2.0,1.0,3.0,3.0,2.0,3.0,1.0,1.0,3.0,4.0
43,1.0,0.0,1.0,2.0,1.0,1.0,0.0,1.0,2.0,2.0
44,1.0,1.0,2.0,2.0,0.0,0.0,0.0,0.0,2.0,1.0
45,3.0,1.0,2.0,3.0,1.0,0.0,2.0,0.0,1.0,0.0
46,3.0,4.0,3.0,3.0,3.0,0.0,2.0,0.0,3.0,1.0
47,4.0,4.0,5.0,6.0,4.0,3.0,3.0,1.0,3.0,1.0
48,2.0,3.0,4.0,2.0,2.0,1.0,3.0,1.0,5.0,0.0
49,2.0,2.0,4.0,1.0,1.0,2.0,1.0,1.0,3.0,0.0
50,3.0,2.0,2.0,1.0,1.0,2.0,1.0,1.0,4.0,2.0
51,1.0,2.0,4.0,1.0,3.0,2.0,1.0,1.0,3.0,1.0
52,0.0,3.0,5.0,1.0,4.0,2.0,1.0,2.0,3.0,0.0
53,1.0,2.0,1.0,1.0,3.0,1.0,1.0,2.0,3.0,0.0
54,0.0,3.0,2.0,0.0,0.0,1.0,2.0,1.0,2.0,1.0
55,0.0,2.0,3.0,2.0,1.0,0.0,2.0,1.0,2.0,0.0
56,0.0,4.0,3.0,2.0,2.0,2.0,3.0,1.0,1.0,2.0
57,1.0,4.0,5.0,2.0,3.0,4.0,3.0,1.0,2.0,1.0
58,1.0,2.0,5.0,0.0,2.0,0.0,3.0,2.0,2.0,0.0
59,2.0,0.0,4.0,1.0,1.0,1.0,3.0,3.0,1.0,1.0
60,2.0,0.0,5.0,0.0,0.0,2.0,2.0,4.0,1.0,1.0
61,2.0,1.0,5.0,1.0,0.0,5.0,3.0,7.0,2.0,2.0
62,2.0,3.0,7.0,2.0,2.0,5.0,3.0,8.0,4.0,2.0
63,0.0,2.0,6.0,2.0,1.0,2.0,1.0,7.0,2.0,0.0
64,1.0,2.0,6.0,3.0,1.0,2.0,2.0,4.0,4.0,0.0
65,1.0,2.0,7.0,3.0,2.0,1.0,2.0,3.0,5.0,0.0
66,5.0,3.0,4.0,6.0,4.0,2.0,2.0,2.0,7.0,0.0
67,5.0,3.0,4.0,4.0,4.0,3.0,3.0,2.0,8.0,0.0
68,3.0,2.0,3.0,3.0,5.0,2.0,2.0,1.0,7.0,0.0
69,2.0,1.0,1.0,1.0,5.0,3.0,2.0,1.0,6.0,2.0
70,0.0,0.0,1.0,2.0,5.0,2.0,1.0,3.0,3.0,2.0
71,2.0,0.0,3.0,1.0,5.0,3.0,1.0,3.0,2.0,1.0
72,1.0,2.0,3.0,2.0,5.0,3.0,2.0,4.0,2.0,3.0
73,1.0,1.0,4.0,1.0,4.0,1.0,1.0,3.0,1.0,0.0
74,3.0,1.0,5.0,0.0,3.0,2.0,0.0,1.0,3.0,0.0
75,2.0,2.0,6.0,2.0,2.0,4.0,2.0,0.0,3.0,1.0
76,2.0,3.0,7.0,3.0,4.0,2.0,1.0,1.0,5.0,2.0
77,2.0,2.0,8.0,4.0,6.0,3.0,3.0,1.0,6.0,3.0
78,1.0,2.0,6.0,3.0,3.0,1.0,2.0,1.0,6.0,3.0
79,1.0,1.0,4.0,1.0,3.0,2.0,1.0,1.0,6.0,5.0
80,2.0,0.0,4.0,2.0,2.0,2.0,1.0,3.0,6.0,6.0
81,2.0,0.0,4.0,2.0,4.0,3.0,1.0,2.0,6.0,5.0
82,3.0,0.0,3.0,2.0,5.0,3.0,2.0,2.0,5.0,5.0
83,4.0,0.0,3.0,3.0,2.0,1.0,0.0,1.0,5.0,7.0
84,3.0,0.0,3.0,4.0,3.0,1.0,4.0,1.0,2.0,7.0
85,3.0,0.0,4.0,5.0,3.0,3.0,2.0,4.0,2.0,8.0
86,3.0,0.0,3.0,6.0,4.0,5.0,2.0,7.0,2.0,7.0
87,3.0,3.0,4.0,8.0,4.0,7.0,4.0,6.0,4.0,7.0
88,3.0,3.0,3.0,5.0,4.0,7.0,2.0,5.0,3.0,6.0
89,2.0,3.0,0.0,5.0,4.0,3.0,1.0,2.0,1.0,3.0
90,3.0,4.0,1.0,8.0,4.0,3.0,0.0,3.0,1.0,2.0
91,2.0,5.0,2.0,7.0,4.0,2.0,0.0,1.0,4.0,3.0
92,2.0,6.0,4.0,9.0,2.0,1.0,1.0,1.0,4.0,4.0
93,3.0,2.0,4.0,7.0,2.0,1.0,1.0,1.0,2.0,4.0
94,2.0,1.0,3.0,6.0,2.0,0.0,3.0,0.0,3.0,2.0
95,1.0,2.0,5.0,2.0,1.0,4.0,5.0,1.0,5.0,3.0
96,3.0,1.0,5.0,6.0,1.0,4.0,6.0,0.0,5.0,6.0
97,6.0,2.0,4.0,6.0,2.0,4.0,11.0,2.0,5.0,7.0
98,3.0,1.0,1.0,3.0,2.0,5.0,5.0,1.0,5.0,6.0
99,4.0,2.0,2.0,5.0,3.0,3.0,6.0,2.0,3.0,5.0
100,3.0,3.0,1.0,4.0,3.0,4.0,3.0,0.0,4.0,7.0
101,3.0,3.0,3.0,7.0,5.0,6.0,3.0,1.0,5.0,6.0
102,3.0,4.0,3.0,6.0,5.0,6.0,5.0,1.0,4.0,7.0
103,2.0,3.0,5.0,5.0,4.0,6.0,5.0,2.0,3.0,6.0
104,2.0,2.0,2.0,5.0,4.0,4.0,3.0,1.0,1.0,5.0
105,2.0,1.0,4.0,6.0,3.0,5.0,3.0,1.0,1.0,7.0
106,3.0,2.0,5.0,6.0,2.0,4.0,4.0,1.0,3.0,6.0
107,3.0,3.0,6.0,6.0,1.0,4.0,5.0,1.0,3.0,7.0
108,2.0,1.0,3.0,4.0,2.0,3.0,2.0,0.0,2.0,5.0
109,2.0,1.0,2.0,3.0,1.0,2.0,3.0,0.0,1.0,2.0
110,5.0,1.0,3.0,5.0,2.0,4.0,3.0,0.0,3.0,3.0
111,6.0,1.0,5.0,5.0,4.0,4.0,6.0,3.0,2.0,2.0
112,7.0,2.0,5.0,8.0,4.0,5.0,5.0,2.0,4.0,2.0
113,3.0,2.0,4.0,5.0,2.0,5.0,5.0,1.0,3.0,2.0
114,3.0,2.0,7.0,4.0,3.0,5.0,6.0,1.0,4.0,3.0
115,3.0,2.0,7.0,1.0,1.0,5.0,4.0,3.0,3.0,2.0
116,2.0,2.0,5.0,2.0,3.0,4.0,5.0,2.0,5.0,3.0
117,3.0,5.0,4.0,2.0,4.0,3.0,4.0,3.0,6.0,5.0
118,3.0,3.0,3.0,4.0,4.0,2.0,2.0,4.0,6.0,5.0
119,3.0,1.0,2.0,3.0,6.0,1.0,2.0,4.0,7.0,6.0
120,3.0,0.0,2.0,6.0,5.0,2.0,2.0,4.0,8.0,6.0
121,4.0,1.0,4.0,5.0,7.0,1.0,2.0,5.0,7.0,7.0
122,4.0,1.0,6.0,8.0,9.0,3.0,2.0,7.0,7.0,7.0
123,3.0,0.0,4.0,8.0,6.0,1.0,3.0,2.0,5.0,4.0
124,4.0,1.0,3.0,7.0,6.0,3.0,2.0,1.0,6.0,3.0
125,3.0,0.0,4.0,7.0,6.0,4.0,2.0,2.0,7.0,4.0
126,4.0,2.0,4.0,7.0,5.0,4.0,1.0,2.0,6.0,4.0
127,3.0,1.0,7.0,7.0,5.0,6.0,3.0,2.0,7.0,3.0
128,3.0,0.0,6.0,5.0,2.0,6.0,2.0,0.0,7.0,2.0
129,2.0,0.0,9.0,2.0,3.0,5.0,2.0,1.0,8.0,1.0
130,2.0,0.0,8.0,3.0,3.0,5.0,4.0,2.0,8.0,2.0
131,0.0,1.0,9.0,3.0,3.0,8.0,3.0,3.0,9.0,1.0
132,0.0,2.0,10.0,3.0,4.0,7.0,5.0,3.0,10.0,5.0
133,2.0,0.0,7.0,2.0,4.0,3.0,5.0,3.0,6.0,3.0
134,3.0,1.0,7.0,3.0,5.0,1.0,7.0,4.0,2.0,3.0
135,4.0,4.0,8.0,4.0,6.0,2.0,8.0,4.0,4.0,3.0
136,4.0,5.0,8.0,5.0,6.0,2.0,8.0,5.0,2.0,4.0
137,6.0,9.0,11.0,7.0,6.0,5.0,10.0,6.0,4.0,3.0
138,2.0,3.0,6.0,3.0,5.0,3.0,9.0,5.0,2.0,3.0
139,3.0,2.0,5.0,4.0,3.0,4.0,7.0,5.0,2.0,3.0
140,6.0,1.0,4.0,4.0,2.0,4.0,5.0,6.0,2.0,5.0
141,2.0,1.0,5.0,1.0,3.0,3.0,6.0,5.0,4.0,3.0
142,3.0,1.0,6.0,3.0,5.0,4.0,5.0,5.0,4.0,6.0
143,1.0,2.0,3.0,3.0,3.0,3.0,4.0,5.0,3.0,3.0
144,2.0,1.0,4.0,0.0,3.0,2.0,6.0,4.0,2.0,3.0
145,2.0,2.0,5.0,2.0,2.0,5.0,5.0,3.0,3.0,6.0
146,3.0,0.0,3.0,6.0,2.0,6.0,6.0,3.0,4.0,6.0
147,5.0,1.0,3.0,8.0,1.0,7.0,6.0,6.0,5.0,7.0
148,6.0,2.0,2.0,5.0,1.0,7.0,5.0,2.0,3.0,5.0
149,5.0,1.0,4.0,6.0,1.0,5.0,5.0,2.0,5.0,4.0
150,6.0,1.0,5.0,4.0,2.0,4.0,5.0,2.0,4.0,4.0
151,7.0,1.0,5.0,4.0,4.0,3.0,3.0,3.0,5.0,4.0
152,7.0,3.0,5.0,6.0,5.0,6.0,5.0,4.0,6.0,5.0
153,6.0,1.0,6.0,2.0,2.0,4.0,4.0,2.0,5.0,5.0
154,6.0,2.0,8.0,2.0,2.0,4.0,5.0,1.0,5.0,5.0
155,5.0,2.0,8.0,3.0,2.0,5.0,5.0,2.0,6.0,5.0
156,5.0,3.0,9.0,4.0,2.0,8.0,6.0,4.0,6.0,8.0
157,6.0,4.0,9.0,5.0,4.0,8.0,6.0,6.0,9.0,10.0
158,5.0,4.0,6.0,2.0,2.0,7.0,7.0,1.0,5.0,4.0
159,6.0,3.0,5.0,3.0,3.0,9.0,6.0,1.0,6.0,5.0
160,5.0,2.0,5.0,4.0,3.0,8.0,6.0,1.0,4.0,3.0
161,6.0,2.0,7.0,5.0,4.0,9.0,7.0,3.0,6.0,2.0
162,4.0,1.0,8.0,5.0,6.0,9.0,7.0,4.0,7.0,3.0
163,2.0,1.0,8.0,2.0,2.0,8.0,5.0,7.0,6.0,0.0
164,2.0,0.0,8.0,4.0,1.0,6.0,4.0,7.0,7.0,0.0
165,5.0,0.0,7.0,4.0,1.0,6.0,4.0,6.0,7.0,1.0
166,5.0,0.0,8.0,7.0,2.0,7.0,5.0,5.0,5.0,4.0
167,3.0,2.0,7.0,8.0,2.0,6.0,6.0,5.0,6.0,3.0
168,2.0,1.0,6.0,6.0,0.0,4.0,4.0,1.0,2.0,2.0
169,2.0,3.0,5.0,3.0,3.0,4.0,5.0,2.0,5.0,3.0
170,3.0,3.0,4.0,5.0,3.0,4.0,3.0,3.0,3.0,6.0
171,3.0,1.0,6.0,2.0,6.0,3.0,2.0,4.0,6.0,3.0
172,3.0,2.0,4.0,4.0,5.0,6.0,4.0,3.0,7.0,4.0
173,3.0,0.0,2.0,2.0,5.0,3.0,5.0,1.0,7.0,1.0
174,3.0,1.0,1.0,2.0,3.0,2.0,8.0,1.0,6.0,2.0
175,5.0,0.0,0.0,1.0,3.0,1.0,7.0,1.0,9.0,1.0
176,6.0,2.0,4.0,2.0,5.0,6.0,11.0,2.0,8.0,3.0
177,7.0,4.0,6.0,4.0,4.0,5.0,9.0,2.0,8.0,4.0
178,8.0,3.0,5.0,3.0,5.0,4.0,7.0,3.0,11.0,2.0
179,6.0,1.0,5.0,3.0,7.0,4.0,5.0,3.0,11.0,5.0
180,8.0,0.0,6.0,6.0,10.0,5.0,7.0,5.0,11.0,4.0
181,9.0,1.0,7.0,2.0,12.0,7.0,5.0,6.0,11.0,7.0
182,12.0,2.0,6.0,1.0,15.0,7.0,5.0,6.0,11.0,7.0
183,9.0,1.0,5.0,2.0,9.0,5.0,3.0,4.0,9.0,7.0
184,7.0,2.0,4.0,0.0,8.0,3.0,3.0,4.0,7.0,7.0
185,6.0,3.0,6.0,2.0,6.0,6.0,4.0,4.0,5.0,6.0
186,7.0,3.0,7.0,3.0,7.0,4.0,3.0,7.0,1.0,7.0
187,7.0,4.0,7.0,4.0,6.0,3.0,4.0,5.0,4.0,7.0
188,4.0,3.0,5.0,3.0,2.0,4.0,2.0,2.0,4.0,5.0
189,4.0,3.0,3.0,7.0,2.0,5.0,2.0,3.0,1.0,4.0
190,3.0,3.0,2.0,7.0,3.0,4.0,2.0,4.0,2.0,4.0
191,4.0,4.0,3.0,8.0,4.0,5.0,5.0,5.0,5.0,5.0
192,6.0,4.0,4.0,10.0,5.0,5.0,6.0,9.0,6.0,8.0
193,5.0,4.0,4.0,5.0,5.0,5.0,6.0,6.0,5.0,8.0
194,2.0,2.0,3.0,6.0,7.0,4.0,6.0,6.0,6.0,6.0
195,3.0,2.0,2.0,7.0,7.0,4.0,5.0,4.0,5.0,5.0
196,2.0,5.0,3.0,5.0,5.0,6.0,6.0,4.0,7.0,4.0
197,4.0,7.0,5.0,7.0,8.0,6.0,7.0,3.0,6.0,3.0
198,3.0,2.0,4.0,4.0,6.0,5.0,7.0,0.0,4.0,5.0
199,4.0,0.0,6.0,3.0,6.0,5.0,6.0,1.0,3.0,9.0
200,5.0,2.0,6.0,2.0,8.0,5.0,7.0,3.0,5.0,6.0
201,6.0,3.0,6.0,3.0,4.0,5.0,8.0,4.0,5.0,5.0
202,8.0,5.0,5.0,6.0,4.0,6.0,8.0,7.0,4.0,4.0
203,6.0,3.0,4.0,3.0,3.0,6.0,4.0,4.0,5.0,1.0
204,6.0,1.0,1.0,4.0,2.0,7.0,1.0,5.0,8.0,3.0
205,6.0,2.0,3.0,6.0,3.0,9.0,6.0,3.0,6.0,5.0
206,8.0,2.0,3.0,6.0,5.0,7.0,5.0,4.0,6.0,3.0
207,8.0,3.0,5.0,4.0,6.0,7.0,5.0,4.0,8.0,4.0
208,7.0,1.0,5.0,3.0,5.0,7.0,2.0,2.0,5.0,5.0
209,7.0,2.0,6.0,3.0,6.0,7.0,4.0,2.0,4.0,5.0
210,7.0,2.0,5.0,3.0,7.0,6.0,6.0,4.0,4.0,5.0
211,7.0,3.0,6.0,6.0,4.0,7.0,7.0,7.0,6.0,5.0
212,6.0,4.0,8.0,6.0,3.0,8.0,8.0,10.0,7.0,6.0
213,4.0,5.0,4.0,3.0,2.0,6.0,6.0,7.0,6.0,5.0
214,3.0,4.0,5.0,5.0,3.0,5.0,4.0,8.0,5.0,5.0
215,5.0,5.0,9.0,5.0,4.0,6.0,4.0,6.0,9.0,6.0
216,4.0,5.0,9.0,4.0,6.0,7.0,4.0,8.0,11.0,8.0
217,5.0,4.0,11.0,7.0,7.0,7.0,5.0,9.0,11.0,9.0
218,6.0,3.0,10.0,4.0,6.0,6.0,5.0,6.0,6.0,5.0
219,5.0,3.0,11.0,5.0,5.0,4.0,4.0,5.0,6.0,5.0
220,3.0,3.0,6.0,4.0,5.0,6.0,4.0,5.0,7.0,6.0
221,4.0,2.0,7.0,3.0,5.0,8.0,4.0,8.0,7.0,6.0
222,4.0,4.0,8.0,2.0,6.0,7.0,6.0,7.0,5.0,8.0
223,5.0,1.0,6.0,2.0,6.0,6.0,4.0,7.0,2.0,5.0
224,4.0,0.0,6.0,3.0,4.0,6.0,3.0,6.0,3.0,6.0
225,6.0,0.0,9.0,5.0,4.0,7.0,6.0,5.0,2.0,2.0
226,5.0,1.0,9.0,7.0,7.0,7.0,6.0,6.0,4.0,1.0
227,6.0,1.0,11.0,7.0,6.0,8.0,8.0,7.0,7.0,1.0
228,4.0,0.0,9.0,6.0,4.0,4.0,4.0,6.0,4.0,1.0
229,3.0,1.0,9.0,7.0,4.0,3.0,5.0,7.0,3.0,0.0
230,4.0,4.0,7.0,8.0,5.0,3.0,5.0,8.0,7.0,0.0
231,3.0,4.0,9.0,8.0,7.0,3.0,6.0,10.0,6.0,1.0
232,3.0,3.0,7.0,8.0,8.0,4.0,5.0,11.0,7.0,2.0
233,3.0,1.0,7.0,4.0,7.0,3.0,1.0,7.0,5.0,1.0
234,3.0,0.0,8.0,3.0,6.0,2.0,1.0,6.0,3.0,3.0
235,6.0,3.0,11.0,4.0,8.0,2.0,1.0,7.0,5.0,3.0
236,6.0,4.0,9.0,5.0,8.0,3.0,3.0,6.0,5.0,2.0
237,6.0,4.0,10.0,6.0,8.0,6.0,8.0,8.0,7.0,5.0
238,7.0,6.0,8.0,2.0,7.0,3.0,8.0,5.0,6.0,4.0
239,6.0,4.0,6.0,1.0,7.0,3.0,7.0,6.0,8.0,5.0
240,6.0,8.0,5.0,1.0,11.0,3.0,9.0,6.0,6.0,4.0
241,7.0,7.0,4.0,3.0,11.0,4.0,9.0,9.0,5.0,5.0
242,5.0,9.0,3.0,4.0,12.0,6.0,10.0,10.0,9.0,4.0
243,3.0,5.0,0.0,6.0,8.0,5.0,10.0,7.0,5.0,7.0
244,3.0,5.0,5.0,6.0,8.0,4.0,9.0,4.0,7.0,4.0
245,2.0,5.0,4.0,5.0,9.0,4.0,9.0,5.0,8.0,5.0
246,3.0,2.0,3.0,4.0,5.0,5.0,10.0,3.0,7.0,4.0
247,2.0,3.0,3.0,3.0,3.0,4.0,11.0,4.0,7.0,5.0
248,3.0,1.0,1.0,1.0,1.0,5.0,9.0,6.0,7.0,3.0
249,3.0,1.0,2.0,2.0,3.0,5.0,6.0,4.0,6.0,3.0
250,4.0,3.0,0.0,4.0,4.0,3.0,7.0,4.0,5.0,4.0
251,4.0,4.0,0.0,6.0,6.0,4.0,7.0,5.0,6.0,6.0
252,7.0,8.0,1.0,6.0,7.0,5.0,8.0,7.0,8.0,6.0
253,5.0,6.0,2.0,4.0,6.0,2.0,6.0,6.0,4.0,4.0
254,5.0,6.0,2.0,5.0,3.0,2.0,5.0,6.0,6.0,3.0
255,5.0,6.0,1.0,4.0,5.0,4.0,8.0,7.0,5.0,4.0
256,8.0,8.0,1.0,6.0,6.0,5.0,7.0,8.0,7.0,4.0
257,8.0,7.0,0.0,7.0,10.0,8.0,7.0,8.0,5.0,4.0
258,4.0,6.0,1.0,6.0,6.0,4.0,5.0,8.0,6.0,4.0
259,4.0,6.0,1.0,8.0,7.0,4.0,3.0,6.0,7.0,4.0
260,3.0,5.0,1.0,7.0,5.0,5.0,3.0,6.0,7.0,4.0
261,4.0,6.0,4.0,7.0,5.0,5.0,5.0,7.0,8.0,5.0
262,5.0,6.0,6.0,6.0,6.0,5.0,6.0,7.0,9.0,9.0
263,5.0,4.0,3.0,6.0,5.0,4.0,6.0,8.0,6.0,7.0
264,3.0,4.0,3.0,4.0,5.0,8.0,6.0,7.0,9.0,4.0
265,2.0,6.0,2.0,2.0,4.0,7.0,6.0,6.0,5.0,3.0
266,3.0,7.0,4.0,1.0,6.0,10.0,7.0,5.0,4.0,1.0
267,4.0,9.0,6.0,1.0,5.0,9.0,6.0,4.0,4.0,1.0
268,1.0,7.0,4.0,1.0,5.0,8.0,3.0,1.0,3.0,2.0
269,1.0,6.0,3.0,1.0,4.0,6.0,2.0,2.0,1.0,3.0
270,2.0,5.0,4.0,3.0,4.0,8.0,3.0,2.0,0.0,3.0
271,5.0,6.0,5.0,4.0,6.0,7.0,3.0,3.0,3.0,3.0
272,7.0,6.0,5.0,5.0,7.0,8.0,4.0,3.0,6.0,4.0
273,5.0,2.0,3.0,5.0,4.0,5.0,3.0,4.0,3.0,2.0
274,2.0,1.0,3.0,5.0,5.0,4.0,3.0,4.0,7.0,3.0
275,3.0,1.0,2.0,3.0,6.0,5.0,2.0,4.0,6.0,4.0
276,2.0,7.0,1.0,2.0,7.0,5.0,2.0,7.0,9.0,5.0
277,3.0,4.0,2.0,4.0,9.0,7.0,5.0,7.0,10.0,5.0
278,1.0,5.0,1.0,2.0,10.0,4.0,3.0,6.0,7.0,2.0
279,1.0,3.0,2.0,2.0,8.0,4.0,4.0,5.0,6.0,1.0
280,1.0,4.0,6.0,1.0,6.0,5.0,6.0,6.0,5.0,3.0
281,1.0,5.0,5.0,4.0,5.0,4.0,8.0,6.0,8.0,5.0
282,2.0,4.0,7.0,5.0,4.0,5.0,9.0,6.0,9.0,5.0
283,2.0,3.0,4.0,5.0,3.0,2.0,6.0,3.0,8.0,5.0
284,2.0,1.0,5.0,7.0,4.0,4.0,6.0,4.0,8.0,6.0
285,3.0,2.0,4.0,6.0,7.0,6.0,7.0,5.0,7.0,6.0
286,3.0,6.0,6.0,9.0,8.0,5.0,6.0,3.0,6.0,10.0
287,7.0,5.0,6.0,8.0,9.0,5.0,7.0,4.0,7.0,11.0
288,4.0,6.0,4.0,7.0,9.0,3.0,4.0,2.0,8.0,5.0
289,4.0,6.0,4.0,5.0,8.0,4.0,5.0,1.0,4.0,5.0
290,6.0,8.0,4.0,5.0,8.0,6.0,7.0,2.0,4.0,4.0
291,6.0,9.0,3.0,2.0,10.0,7.0,6.0,3.0,7.0,6.0
292,5.0,13.0,3.0,6.0,9.0,9.0,7.0,2.0,10.0,7.0
293,4.0,8.0,2.0,4.0,8.0,6.0,4.0,3.0,6.0,4.0
294,3.0,10.0,3.0,3.0,6.0,7.0,5.0,4.0,9.0,5.0
295,4.0,10.0,3.0,4.0,8.0,8.0,5.0,5.0,10.0,3.0
296,4.0,10.0,5.0,4.0,9.0,4.0,8.0,3.0,11.0,3.0
297,4.0,11.0,7.0,5.0,10.0,5.0,9.0,4.0,12.0,5.0
298,2.0,6.0,3.0,3.0,7.0,2.0,6.0,0.0,13.0,4.0
299,2.0,3.0,4.0,1.0,8.0,3.0,7.0,0.0,13.0,5.0
300,5.0,1.0,6.0,2.0,9.0,3.0,7.0,2.0,13.0,5.0
301,3.0,3.0,6.0,4.0,10.0,7.0,7.0,2.0,14.0,5.0
302,4.0,5.0,9.0,4.0,13.0,6.0,6.0,1.0,15.0,6.0
303,4.0,4.0,8.0,3.0,11.0,5.0,6.0,1.0,11.0,4.0
304,2.0,4.0,8.0,4.0,13.0,7.0,5.0,2.0,10.0,3.0
305,2.0,4.0,6.0,3.0,13.0,8.0,6.0,2.0,11.0,5.0
306,2.0,5.0,7.0,4.0,13.0,11.0,8.0,3.0,9.0,7.0
307,8.0,5.0,7.0,4.0,12.0,11.0,10.0,4.0,10.0,6.0
308,8.0,5.0,5.0,4.0,9.0,7.0,7.0,4.0,8.0,5.0
309,7.0,4.0,3.0,7.0,8.0,7.0,9.0,3.0,8.0,5.0
310,9.0,5.0,4.0,9.0,8.0,9.0,8.0,3.0,7.0,6.0
311,9.0,5.0,4.0,10.0,8.0,8.0,11.0,5.0,7.0,5.0
312,10.0,4.0,6.0,12.0,8.0,8.0,10.0,7.0,9.0,4.0
313,7.0,2.0,4.0,12.0,7.0,7.0,6.0,6.0,7.0,3.0
314,6.0,3.0,5.0,8.0,5.0,8.0,6.0,5.0,6.0,3.0
315,7.0,5.0,6.0,11.0,7.0,7.0,5.0,4.0,7.0,2.0
316,8.0,5.0,9.0,11.0,6.0,7.0,8.0,8.0,9.0,3.0
317,8.0,6.0,10.0,13.0,8.0,8.0,9.0,8.0,9.0,4.0
318,6.0,3.0,9.0,8.0,6.0,1.0,6.0,6.0,8.0,4.0
319,4.0,4.0,8.0,4.0,7.0,2.0,8.0,4.0,5.0,6.0
320,3.0,5.0,10.0,10.0,8.0,3.0,10.0,4.0,5.0,7.0
321,7.0,5.0,7.0,10.0,7.0,4.0,11.0,5.0,7.0,10.0
322,7.0,5.0,9.0,11.0,8.0,5.0,12.0,5.0,10.0,8.0
323,7.0,2.0,9.0,7.0,8.0,4.0,10.0,6.0,10.0,8.0
324,5.0,5.0,6.0,8.0,7.0,3.0,9.0,5.0,12.0,5.0
325,4.0,6.0,5.0,8.0,8.0,4.0,8.0,5.0,10.0,8.0
326,6.0,6.0,9.0,11.0,9.0,8.0,7.0,5.0,12.0,5.0
327,4.0,7.0,10.0,13.0,10.0,9.0,10.0,5.0,11.0,5.0
328,4.0,6.0,7.0,13.0,4.0,7.0,8.0,6.0,8.0,7.0
329,1.0,5.0,8.0,15.0,3.0,5.0,11.0,5.0,10.0,5.0
330,4.0,5.0,9.0,15.0,5.0,9.0,11.0,7.0,9.0,8.0
331,4.0,6.0,11.0,16.0,7.0,12.0,9.0,7.0,11.0,7.0
332,5.0,7.0,13.0,16.0,11.0,12.0,11.0,7.0,12.0,7.0
333,3.0,5.0,7.0,15.0,9.0,8.0,10.0,3.0,8.0,7.0
334,1.0,4.0,8.0,14.0,8.0,9.0,8.0,3.0,7.0,6.0
335,0.0,3.0,8.0,15.0,9.0,10.0,7.0,3.0,9.0,8.0
336,1.0,4.0,7.0,13.0,10.0,11.0,11.0,5.0,7.0,8.0
337,4.0,5.0,7.0,12.0,12.0,15.0,11.0,8.0,7.0,6.0
338,5.0,6.0,2.0,8.0,13.0,10.0,14.0,7.0,4.0,5.0
339,4.0,3.0,2.0,5.0,12.0,5.0,12.0,4.0,5.0,4.0
340,5.0,4.0,5.0,8.0,13.0,5.0,14.0,4.0,7.0,5.0
341,6.0,3.0,8.0,9.0,14.0,3.0,14.0,4.0,8.0,8.0
342,7.0,4.0,8.0,10.0,12.0,5.0,15.0,3.0,10.0,7.0
343,5.0,4.0,8.0,10.0,7.0,4.0,11.0,2.0,9.0,7.0
344,6.0,2.0,7.0,12.0,5.0,5.0,9.0,2.0,8.0,6.0
345,7.0,3.0,9.0,10.0,7.0,8.0,10.0,4.0,9.0,6.0
346,8.0,5.0,9.0,12.0,10.0,9.0,11.0,7.0,10.0,5.0
347,8.0,7.0,11.0,14.0,11.0,9.0,10.0,6.0,11.0,5.0
348,5.0,6.0,6.0,11.0,13.0,7.0,11.0,7.0,9.0,4.0
349,3.0,6.0,6.0,10.0,9.0,4.0,10.0,7.0,10.0,3.0
350,5.0,5.0,9.0,11.0,11.0,8.0,8.0,8.0,12.0,3.0
351,3.0,5.0,7.0,12.0,10.0,8.0,10.0,8.0,15.0,3.0
352,5.0,4.0,7.0,12.0,12.0,8.0,12.0,10.0,16.0,2.0
353,3.0,2.0,4.0,8.0,11.0,5.0,10.0,8.0,16.0,2.0
354,2.0,2.0,5.0,6.0,10.0,4.0,10.0,5.0,16.0,5.0
355,3.0,3.0,2.0,5.0,12.0,6.0,13.0,6.0,14.0,5.0
356,3.0,5.0,5.0,5.0,11.0,6.0,13.0,4.0,13.0,5.0
357,5.0,7.0,7.0,8.0,11.0,6.0,13.0,4.0,12.0,8.0
358,4.0,4.0,7.0,6.0,9.0,5.0,9.0,6.0,8.0,6.0
359,7.0,6.0,7.0,7.0,9.0,3.0,9.0,5.0,7.0,6.0
360,6.0,6.0,10.0,10.0,9.0,6.0,9.0,7.0,10.0,8.0
361,6.0,6.0,15.0,11.0,6.0,3.0,9.0,7.0,8.0,8.0
362,5.0,7.0,14.0,11.0,8.0,5.0,9.0,9.0,8.0,9.0
363,3.0,4.0,15.0,10.0,6.0,3.0,7.0,8.0,6.0,5.0
364,3.0,5.0,13.0,8.0,6.0,4.0,6.0,9.0,6.0,4.0
365,6.0,3.0,13.0,8.0,7.0,4.0,7.0,7.0,7.0,5.0
366,8.0,3.0,15.0,8.0,9.0,6.0,5.0,10.0,7.0,8.0
367,10.0,3.0,16.0,6.0,9.0,5.0,11.0,9.0,9.0,10.0
368,7.0,0.0,13.0,6.0,7.0,6.0,10.0,7.0,5.0,4.0
369,6.0,2.0,12.0,6.0,5.0,5.0,9.0,10.0,4.0,4.0
370,8.0,1.0,14.0,5.0,4.0,7.0,8.0,8.0,4.0,6.0
371,9.0,2.0,13.0,4.0,7.0,7.0,9.0,8.0,5.0,7.0
372,10.0,5.0,16.0,6.0,8.0,9.0,8.0,8.0,4.0,8.0
373,7.0,4.0,13.0,6.0,5.0,6.0,9.0,7.0,3.0,7.0
374,7.0,4.0,12.0,8.0,7.0,5.0,11.0,8.0,2.0,7.0
375,9.0,5.0,11.0,9.0,6.0,6.0,11.0,9.0,1.0,8.0
376,10.0,4.0,10.0,8.0,6.0,8.0,10.0,9.0,3.0,7.0
377,9.0,3.0,10.0,9.0,8.0,9.0,12.0,9.0,4.0,5.0
378,6.0,2.0,5.0,9.0,9.0,7.0,11.0,9.0,4.0,3.0
379,4.0,4.0,9.0,8.0,8.0,7.0,11.0,7.0,6.0,4.0
380,6.0,5.0,10.0,8.0,8.0,7.0,11.0,7.0,7.0,3.0
381,6.0,8.0,13.0,11.0,9.0,8.0,12.0,6.0,10.0,3.0
382,6.0,8.0,12.0,11.0,10.0,9.0,15.0,7.0,10.0,4.0
383,5.0,6.0,9.0,9.0,11.0,8.0,11.0,3.0,9.0,4.0
384,4.0,7.0,7.0,6.0,12.0,9.0,10.0,7.0,9.0,5.0
385,5.0,9.0,9.0,6.0,11.0,11.0,11.0,7.0,10.0,6.0
386,9.0,9.0,12.0,6.0,11.0,12.0,9.0,9.0,13.0,8.0
387,9.0,11.0,16.0,5.0,13.0,12.0,10.0,11.0,13.0,9.0
388,4.0,7.0,11.0,7.0,9.0,11.0,8.0,8.0,12.0,8.0
389,4.0,5.0,11.0,6.0,8.0,11.0,7.0,9.0,11.0,5.0
390,7.0,7.0,10.0,9.0,9.0,13.0,9.0,9.0,11.0,6.0
391,8.0,5.0,12.0,10.0,8.0,14.0,10.0,10.0,12.0,3.0
392,9.0,8.0,11.0,9.0,7.0,17.0,14.0,10.0,11.0,3.0
393,6.0,4.0,10.0,9.0,8.0,12.0,9.0,6.0,10.0,4.0
394,7.0,4.0,10.0,6.0,8.0,9.0,8.0,7.0,8.0,5.0
395,8.0,4.0,9.0,6.0,8.0,7.0,7.0,8.0,7.0,7.0
396,7.0,5.0,9.0,9.0,10.0,6.0,5.0,8.0,6.0,7.0
397,9.0,8.0,10.0,8.0,9.0,6.0,6.0,8.0,6.0,11.0
398,6.0,6.0,7.0,7.0,11.0,6.0,5.0,7.0,8.0,6.0
399,6.0,8.0,6.0,6.0,13.0,8.0,4.0,5.0,7.0,9.0
400,7.0,9.0,7.0,8.0,14.0,9.0,4.0,6.0,6.0,11.0
401,6.0,10.0,7.0,9.0,17.0,10.0,9.0,8.0,7.0,10.0
402,9.0,11.0,9.0,9.0,18.0,11.0,12.0,11.0,6.0,12.0
403,4.0,7.0,4.0,8.0,15.0,8.0,10.0,7.0,7.0,5.0
404,4.0,8.0,6.0,6.0,15.0,10.0,12.0,5.0,6.0,4.0
405,3.0,9.0,6.0,4.0,15.0,10.0,12.0,7.0,4.0,4.0
406,3.0,11.0,10.0,5.0,15.0,11.0,12.0,8.0,4.0,3.0
407,6.0,12.0,10.0,7.0,15.0,10.0,14.0,7.0,5.0,3.0
408,4.0,4.0,11.0,7.0,12.0,8.0,11.0,5.0,5.0,2.0
409,5.0,4.0,11.0,8.0,12.0,6.0,8.0,2.0,8.0,7.0
410,4.0,5.0,11.0,8.0,12.0,8.0,9.0,3.0,12.0,5.0
411,6.0,4.0,11.0,6.0,12.0,7.0,10.0,2.0,12.0,6.0
412,10.0,6.0,12.0,6.0,16.0,5.0,13.0,7.0,12.0,6.0
413,7.0,6.0,11.0,5.0,12.0,5.0,10.0,6.0,11.0,4.0
414,9.0,7.0,11.0,6.0,12.0,6.0,10.0,6.0,10.0,3.0
415,8.0,7.0,9.0,5.0,9.0,7.0,14.0,9.0,12.0,2.0
416,7.0,10.0,9.0,7.0,9.0,8.0,14.0,10.0,11.0,3.0
417,5.0,9.0,8.0,8.0,12.0,8.0,15.0,10.0,14.0,4.0
418,4.0,6.0,6.0,5.0,9.0,7.0,14.0,10.0,11.0,6.0
419,2.0,7.0,2.0,6.0,9.0,9.0,13.0,11.0,11.0,4.0
420,2.0,7.0,4.0,6.0,10.0,9.0,13.0,12.0,8.0,4.0
421,3.0,7.0,6.0,5.0,12.0,9.0,13.0,13.0,11.0,4.0
422,5.0,4.0,10.0,6.0,11.0,10.0,13.0,14.0,12.0,2.0
423,6.0,5.0,13.0,4.0,11.0,9.0,10.0,9.0,9.0,3.0
424,4.0,8.0,11.0,6.0,10.0,7.0,13.0,9.0,10.0,2.0
425,6.0,8.0,7.0,6.0,10.0,6.0,13.0,11.0,10.0,2.0
426,7.0,11.0,8.0,8.0,11.0,6.0,13.0,11.0,11.0,3.0
427,9.0,10.0,6.0,8.0,12.0,5.0,17.0,13.0,14.0,2.0
428,6.0,12.0,8.0,8.0,10.0,4.0,13.0,7.0,11.0,0.0
429,8.0,9.0,8.0,12.0,11.0,4.0,12.0,7.0,10.0,3.0
430,10.0,10.0,11.0,13.0,12.0,5.0,11.0,7.0,10.0,4.0
431,8.0,8.0,12.0,13.0,12.0,10.0,15.0,7.0,10.0,5.0
432,8.0,7.0,14.0,12.0,15.0,11.0,16.0,9.0,9.0,8.0
433,7.0,8.0,11.0,9.0,14.0,6.0,16.0,7.0,7.0,7.0
434,6.0,9.0,11.0,8.0,15.0,6.0,18.0,8.0,10.0,7.0
435,7.0,10.0,11.0,7.0,13.0,9.0,14.0,10.0,12.0,6.0
436,7.0,10.0,9.0,7.0,13.0,12.0,15.0,12.0,12.0,7.0
437,10.0,10.0,10.0,9.0,13.0,12.0,16.0,12.0,13.0,10.0
438,6.0,8.0,6.0,7.0,11.0,10.0,15.0,10.0,14.0,7.0
439,7.0,7.0,6.0,6.0,12.0,9.0,15.0,9.0,12.0,5.0
440,7.0,8.0,7.0,9.0,11.0,9.0,14.0,8.0,15.0,6.0
441,7.0,11.0,12.0,10.0,12.0,7.0,15.0,9.0,16.0,4.0
442,7.0,13.0,13.0,9.0,13.0,7.0,14.0,10.0,20.0,4.0
443,6.0,12.0,12.0,6.0,11.0,5.0,16.0,8.0,13.0,3.0
444,4.0,10.0,11.0,5.0,12.0,6.0,16.0,11.0,14.0,1.0
445,3.0,8.0,9.0,5.0,11.0,6.0,17.0,8.0,12.0,3.0
446,4.0,6.0,11.0,5.0,13.0,6.0,18.0,8.0,11.0,4.0
447,6.0,5.0,13.0,6.0,12.0,8.0,19.0,10.0,10.0,4.0
448,7.0,3.0,10.0,3.0,10.0,5.0,17.0,7.0,7.0,3.0
449,10.0,5.0,10.0,4.0,10.0,6.0,17.0,7.0,6.0,4.0
450,9.0,6.0,12.0,7.0,13.0,6.0,17.0,8.0,7.0,6.0
451,11.0,12.0,9.0,5.0,12.0,6.0,17.0,12.0,8.0,6.0
452,12.0,11.0,12.0,9.0,11.0,7.0,17.0,14.0,10.0,8.0
453,8.0,9.0,9.0,11.0,10.0,4.0,16.0,11.0,7.0,6.0
454,8.0,12.0,11.0,11.0,9.0,5.0,13.0,11.0,9.0,5.0
455,9.0,11.0,10.0,11.0,11.0,5.0,11.0,11.0,12.0,5.0
456,5.0,12.0,9.0,12.0,12.0,5.0,12.0,14.0,10.0,6.0
457,6.0,12.0,12.0,12.0,14.0,6.0,11.0,13.0,10.0,4.0
458,4.0,12.0,9.0,9.0,12.0,5.0,11.0,10.0,8.0,3.0
459,3.0,11.0,13.0,7.0,13.0,6.0,13.0,10.0,8.0,3.0
460,6.0,14.0,11.0,7.0,11.0,7.0,12.0,7.0,8.0,3.0
461,6.0,14.0,12.0,6.0,10.0,7.0,14.0,7.0,8.0,2.0
462,8.0,15.0,13.0,9.0,10.0,10.0,16.0,10.0,7.0,2.0
463,5.0,11.0,10.0,4.0,6.0,7.0,13.0,5.0,6.0,3.0
464,7.0,12.0,11.0,5.0,7.0,7.0,14.0,5.0,7.0,2.0
465,6.0,13.0,12.0,5.0,4.0,8.0,13.0,9.0,10.0,4.0
466,7.0,14.0,12.0,7.0,5.0,8.0,13.0,6.0,12.0,4.0
467,8.0,13.0,14.0,10.0,7.0,9.0,12.0,9.0,13.0,8.0
468,6.0,12.0,7.0,10.0,6.0,8.0,11.0,11.0,8.0,4.0
469,6.0,12.0,8.0,8.0,7.0,11.0,14.0,10.0,8.0,4.0
470,7.0,13.0,9.0,7.0,7.0,9.0,13.0,7.0,6.0,4.0
471,8.0,14.0,12.0,9.0,10.0,8.0,10.0,8.0,6.0,4.0
472,10.0,16.0,14.0,8.0,10.0,8.0,10.0,10.0,7.0,6.0
473,8.0,9.0,13.0,7.0,9.0,4.0,9.0,9.0,6.0,3.0
474,9.0,9.0,13.0,7.0,8.0,4.0,11.0,9.0,7.0,4.0
475,7.0,9.0,14.0,10.0,8.0,3.0,10.0,13.0,10.0,5.0
476,7.0,11.0,12.0,8.0,8.0,5.0,11.0,13.0,11.0,6.0
477,10.0,13.0,13.0,8.0,11.0,5.0,13.0,13.0,12.0,6.0
478,6.0,12.0,10.0,7.0,7.0,6.0,10.0,12.0,11.0,4.0
479,8.0,10.0,9.0,4.0,6.0,6.0,9.0,12.0,10.0,6.0
480,8.0,9.0,8.0,7.0,6.0,7.0,10.0,13.0,10.0,5.0
481,9.0,11.0,9.0,10.0,9.0,11.0,12.0,16.0,11.0,2.0
482,8.0,13.0,10.0,8.0,11.0,10.0,14.0,17.0,12.0,1.0
483,7.0,11.0,6.0,5.0,13.0,6.0,15.0,15.0,10.0,1.0
484,5.0,12.0,9.0,6.0,11.0,7.0,14.0,13.0,9.0,0.0
485,6.0,14.0,5.0,7.0,11.0,6.0,15.0,14.0,10.0,2.0
486,8.0,12.0,9.0,8.0,9.0,7.0,13.0,18.0,11.0,5.0
487,9.0,13.0,10.0,11.0,9.0,7.0,13.0,19.0,12.0,3.0
488,8.0,10.0,9.0,5.0,10.0,5.0,10.0,17.0,10.0,3.0
489,7.0,7.0,10.0,6.0,10.0,3.0,7.0,16.0,8.0,2.0
490,9.0,8.0,10.0,6.0,9.0,4.0,8.0,13.0,8.0,4.0
491,8.0,9.0,10.0,9.0,12.0,6.0,8.0,12.0,9.0,3.0
492,7.0,9.0,10.0,10.0,13.0,5.0,9.0,14.0,11.0,3.0
493,5.0,8.0,8.0,11.0,10.0,5.0,10.0,9.0,9.0,3.0
494,3.0,9.0,5.0,6.0,11.0,3.0,11.0,8.0,10.0,2.0
495,3.0,9.0,4.0,5.0,7.0,3.0,11.0,9.0,12.0,1.0
496,4.0,11.0,5.0,10.0,12.0,3.0,12.0,8.0,11.0,2.0
497,7.0,9.0,6.0,11.0,13.0,3.0,12.0,5.0,11.0,6.0
498,6.0,8.0,4.0,11.0,14.0,6.0,11.0,5.0,10.0,3.0
499,7.0,6.0,5.0,12.0,13.0,5.0,10.0,7.0,12.0,1.0
500,7.0,6.0,7.0,14.0,15.0,8.0,8.0,8.0,14.0,0.0
501,12.0,6.0,10.0,15.0,13.0,9.0,7.0,7.0,16.0,1.0
502,10.0,7.0,11.0,16.0,11.0,9.0,6.0,8.0,17.0,0.0
503,5.0,6.0,13.0,14.0,10.0,9.0,5.0,7.0,13.0,3.0
504,3.0,5.0,12.0,14.0,7.0,8.0,8.0,9.0,14.0,2.0
505,5.0,3.0,12.0,14.0,9.0,8.0,7.0,10.0,18.0,5.0
506,7.0,3.0,11.0,15.0,10.0,8.0,8.0,6.0,20.0,5.0
507,7.0,2.0,11.0,15.0,13.0,8.0,8.0,6.0,20.0,6.0
508,5.0,2.0,9.0,12.0,11.0,8.0,7.0,6.0,18.0,3.0
509,5.0,4.0,8.0,12.0,10.0,9.0,6.0,6.0,16.0,4.0
510,7.0,5.0,6.0,13.0,12.0,7.0,5.0,6.0,14.0,6.0
511,8.0,6.0,7.0,14.0,12.0,6.0,6.0,6.0,14.0,3.0
512,9.0,9.0,8.0,16.0,14.0,6.0,8.0,7.0,11.0,3.0
513,7.0,6.0,7.0,10.0,16.0,3.0,6.0,6.0,12.0,2.0
514,6.0,8.0,7.0,9.0,15.0,4.0,5.0,6.0,15.0,1.0
515,5.0,9.0,6.0,7.0,16.0,4.0,4.0,9.0,17.0,0.0
516,7.0,10.0,8.0,5.0,17.0,5.0,6.0,11.0,17.0,1.0
517,7.0,10.0,8.0,4.0,18.0,6.0,7.0,10.0,16.0,1.0
518,4.0,8.0,7.0,3.0,17.0,6.0,5.0,11.0,15.0,2.0
519,6.0,7.0,10.0,7.0,12.0,7.0,5.0,11.0,14.0,2.0
520,9.0,8.0,10.0,11.0,14.0,7.0,8.0,10.0,12.0,2.0
521,9.0,8.0,12.0,12.0,15.0,9.0,9.0,10.0,13.0,2.0
522,9.0,8.0,13.0,14.0,17.0,10.0,8.0,9.0,15.0,2.0
523,6.0,10.0,11.0,11.0,14.0,7.0,7.0,8.0,10.0,3.0
524,5.0,10.0,9.0,11.0,12.0,7.0,7.0,6.0,11.0,1.0
525,5.0,8.0,7.0,9.0,12.0,9.0,8.0,6.0,14.0,2.0
526,8.0,10.0,9.0,9.0,13.0,5.0,9.0,9.0,10.0,6.0
527,7.0,9.0,11.0,9.0,13.0,6.0,11.0,12.0,10.0,6.0
528,6.0,7.0,8.0,6.0,11.0,5.0,6.0,12.0,10.0,2.0
529,7.0,8.0,9.0,4.0,13.0,5.0,9.0,9.0,11.0,3.0
530,7.0,8.0,10.0,9.0,13.0,4.0,9.0,7.0,10.0,3.0
531,9.0,8.0,10.0,7.0,13.0,4.0,11.0,6.0,11.0,5.0
532,9.0,11.0,13.0,6.0,11.0,5.0,13.0,9.0,12.0,5.0
533,8.0,10.0,10.0,8.0,10.0,6.0,11.0,12.0,9.0,3.0
534,8.0,10.0,10.0,10.0,11.0,4.0,10.0,11.0,12.0,2.0
535,8.0,10.0,9.0,10.0,9.0,7.0,10.0,14.0,14.0,4.0
536,7.0,13.0,9.0,10.0,12.0,9.0,10.0,15.0,15.0,3.0
537,9.0,12.0,10.0,11.0,13.0,10.0,10.0,16.0,15.0,5.0
538,5.0,10.0,10.0,7.0,14.0,8.0,11.0,16.0,15.0,5.0
539,5.0,8.0,10.0,10.0,13.0,7.0,12.0,13.0,16.0,3.0
540,8.0,9.0,12.0,11.0,16.0,6.0,11.0,12.0,14.0,5.0
541,8.0,9.0,15.0,13.0,16.0,7.0,12.0,13.0,13.0,5.0
542,8.0,12.0,15.0,9.0,18.0,7.0,16.0,11.0,13.0,4.0
543,8.0,8.0,15.0,6.0,16.0,4.0,14.0,9.0,10.0,2.0
544,4.0,6.0,17.0,6.0,17.0,3.0,14.0,9.0,9.0,5.0
545,3.0,7.0,15.0,4.0,15.0,4.0,13.0,10.0,9.0,6.0
546,2.0,7.0,16.0,5.0,13.0,8.0,16.0,12.0,11.0,8.0
547,3.0,10.0,17.0,6.0,14.0,7.0,14.0,15.0,13.0,6.0
548,3.0,5.0,16.0,8.0,10.0,7.0,12.0,13.0,14.0,2.0
549,3.0,6.0,17.0,10.0,9.0,5.0,11.0,13.0,11.0,2.0
550,6.0,9.0,19.0,10.0,10.0,4.0,11.0,13.0,10.0,2.0
551,5.0,9.0,23.0,11.0,12.0,5.0,11.0,13.0,11.0,5.0
552,8.0,8.0,22.0,11.0,12.0,5.0,12.0,14.0,13.0,5.0
553,5.0,7.0,18.0,9.0,11.0,7.0,11.0,12.0,11.0,5.0
554,6.0,7.0,17.0,7.0,10.0,7.0,12.0,10.0,10.0,7.0
555,7.0,10.0,14.0,7.0,9.0,8.0,11.0,9.0,11.0,7.0
556,9.0,9.0,15.0,8.0,8.0,9.0,11.0,9.0,11.0,9.0
557,6.0,9.0,15.0,11.0,10.0,8.0,11.0,8.0,10.0,10.0
558,5.0,6.0,13.0,4.0,4.0,8.0,11.0,7.0,10.0,8.0
559,5.0,6.0,11.0,4.0,5.0,8.0,12.0,9.0,9.0,6.0
560,4.0,6.0,14.0,3.0,4.0,7.0,14.0,9.0,6.0,5.0
561,3.0,8.0,11.0,4.0,8.0,8.0,16.0,11.0,7.0,10.0
562,5.0,8.0,11.0,6.0,8.0,6.0,17.0,9.0,8.0,9.0
563,5.0,5.0,11.0,7.0,7.0,5.0,14.0,8.0,9.0,12.0
564,2.0,7.0,10.0,7.0,5.0,7.0,13.0,8.0,9.0,10.0
565,2.0,8.0,11.0,5.0,5.0,6.0,12.0,8.0,10.0,9.0
566,4.0,7.0,12.0,4.0,7.0,10.0,12.0,10.0,9.0,12.0
567,4.0,5.0,11.0,7.0,8.0,9.0,13.0,10.0,7.0,9.0
568,2.0,4.0,10.0,4.0,6.0,7.0,9.0,8.0,8.0,8.0
569,4.0,1.0,11.0,4.0,10.0,5.0,10.0,8.0,9.0,7.0
570,4.0,4.0,13.0,7.0,12.0,9.0,13.0,9.0,9.0,5.0
571,5.0,3.0,13.0,8.0,15.0,7.0,16.0,8.0,9.0,9.0
572,7.0,5.0,10.0,7.0,14.0,10.0,19.0,10.0,8.0,7.0
573,6.0,5.0,6.0,4.0,11.0,9.0,15.0,10.0,7.0,3.0
574,5.0,3.0,4.0,4.0,11.0,8.0,16.0,12.0,5.0,2.0
575,5.0,5.0,4.0,2.0,10.0,10.0,14.0,11.0,4.0,4.0
576,4.0,6.0,4.0,1.0,8.0,11.0,16.0,13.0,7.0,4.0
577,4.0,6.0,5.0,3.0,9.0,13.0,18.0,14.0,9.0,6.0
578,0.0,4.0,7.0,3.0,7.0,11.0,16.0,11.0,6.0,8.0
579,2.0,5.0,7.0,7.0,9.0,11.0,18.0,10.0,8.0,7.0
580,1.0,6.0,7.0,8.0,7.0,11.0,17.0,10.0,8.0,7.0
581,3.0,6.0,6.0,9.0,7.0,13.0,13.0,9.0,7.0,4.0
582,4.0,8.0,6.0,11.0,7.0,12.0,12.0,8.0,7.0,3.0
583,4.0,5.0,7.0,8.0,11.0,10.0,10.0,7.0,4.0,1.0
584,6.0,4.0,8.0,6.0,10.0,11.0,9.0,7.0,4.0,1.0
585,5.0,5.0,9.0,5.0,8.0,10.0,9.0,10.0,3.0,5.0
586,8.0,6.0,12.0,7.0,7.0,11.0,7.0,10.0,2.0,5.0
587,8.0,6.0,16.0,12.0,7.0,13.0,8.0,11.0,3.0,8.0
588,6.0,4.0,14.0,9.0,4.0,11.0,5.0,9.0,3.0,8.0
589,5.0,5.0,14.0,10.0,3.0,11.0,9.0,9.0,6.0,6.0
590,5.0,7.0,15.0,9.0,5.0,9.0,11.0,9.0,6.0,5.0
591,4.0,8.0,15.0,9.0,8.0,8.0,10.0,11.0,8.0,7.0
592,7.0,8.0,15.0,8.0,8.0,9.0,11.0,11.0,6.0,7.0
593,6.0,9.0,14.0,5.0,9.0,5.0,11.0,8.0,7.0,8.0
594,3.0,9.0,11.0,4.0,9.0,5.0,12.0,5.0,4.0,9.0
595,1.0,9.0,10.0,4.0,6.0,6.0,13.0,4.0,5.0,9.0
596,5.0,10.0,11.0,9.0,7.0,10.0,15.0,4.0,7.0,10.0
597,4.0,9.0,10.0,9.0,10.0,10.0,14.0,6.0,11.0,10.0
598,4.0,9.0,8.0,6.0,10.0,6.0,13.0,5.0,9.0,5.0
599,5.0,12.0,13.0,6.0,11.0,6.0,9.0,6.0,9.0,2.0
600,7.0,10.0,10.0,9.0,13.0,8.0,9.0,10.0,11.0,2.0
601,7.0,11.0,13.0,10.0,13.0,9.0,8.0,12.0,14.0,1.0
602,4.0,15.0,15.0,10.0,17.0,8.0,9.0,15.0,13.0,3.0
603,6.0,15.0,12.0,8.0,15.0,7.0,11.0,11.0,10.0,1.0
604,4.0,13.0,10.0,8.0,14.0,8.0,12.0,11.0,10.0,2.0
605,2.0,13.0,10.0,7.0,13.0,7.0,11.0,11.0,10.0,2.0
606,6.0,16.0,10.0,6.0,14.0,8.0,13.0,9.0,10.0,3.0
607,6.0,15.0,12.0,9.0,15.0,8.0,11.0,8.0,13.0,5.0
608,6.0,12.0,13.0,6.0,11.0,8.0,9.0,7.0,12.0,4.0
609,9.0,10.0,10.0,5.0,12.0,10.0,10.0,6.0,12.0,4.0
610,10.0,10.0,13.0,6.0,9.0,11.0,13.0,7.0,13.0,4.0
611,14.0,11.0,15.0,9.0,7.0,15.0,14.0,8.0,13.0,5.0
612,14.0,8.0,13.0,11.0,7.0,16.0,16.0,8.0,12.0,3.0
613,8.0,7.0,8.0,9.0,9.0,14.0,15.0,7.0,11.0,2.0
614,9.0,9.0,7.0,7.0,6.0,14.0,12.0,7.0,11.0,2.0
615,8.0,8.0,7.0,5.0,8.0,12.0,17.0,7.0,10.0,2.0
616,10.0,10.0,12.0,10.0,9.0,13.0,16.0,7.0,9.0,4.0
617,11.0,9.0,16.0,13.0,10.0,12.0,19.0,8.0,11.0,4.0
618,7.0,9.0,11.0,7.0,12.0,9.0,15.0,5.0,8.0,3.0
619,4.0,6.0,9.0,10.0,13.0,9.0,16.0,4.0,10.0,4.0
620,4.0,6.0,11.0,10.0,14.0,11.0,14.0,7.0,13.0,4.0
621,5.0,4.0,16.0,9.0,13.0,13.0,13.0,4.0,17.0,5.0
622,4.0,3.0,14.0,9.0,13.0,13.0,16.0,6.0,17.0,3.0
623,5.0,1.0,13.0,8.0,12.0,13.0,16.0,0.0,12.0,4.0
624,7.0,0.0,14.0,10.0,13.0,13.0,15.0,2.0,12.0,3.0
625,7.0,0.0,12.0,9.0,12.0,12.0,16.0,6.0,9.0,4.0
626,7.0,3.0,14.0,11.0,14.0,12.0,20.0,8.0,13.0,4.0
627,7.0,5.0,13.0,15.0,12.0,10.0,19.0,11.0,14.0,7.0
628,8.0,0.0,12.0,12.0,10.0,7.0,14.0,8.0,9.0,4.0
629,6.0,2.0,11.0,11.0,12.0,7.0,15.0,9.0,11.0,3.0
630,8.0,1.0,10.0,14.0,12.0,6.0,17.0,8.0,15.0,4.0
631,8.0,2.0,12.0,15.0,13.0,5.0,18.0,7.0,12.0,6.0
632,11.0,3.0,14.0,16.0,14.0,5.0,18.0,7.0,12.0,7.0
633,8.0,6.0,12.0,13.0,11.0,6.0,16.0,6.0,14.0,5.0
634,6.0,6.0,11.0,10.0,10.0,7.0,12.0,6.0,12.0,4.0
635,4.0,5.0,11.0,11.0,11.0,8.0,14.0,4.0,11.0,4.0
636,3.0,6.0,16.0,11.0,13.0,10.0,12.0,7.0,12.0,4.0
637,6.0,6.0,18.0,9.0,14.0,10.0,14.0,8.0,14.0,7.0
638,6.0,4.0,15.0,3.0,13.0,5.0,14.0,8.0,13.0,5.0
639,4.0,4.0,14.0,4.0,15.0,6.0,12.0,5.0,15.0,4.0
640,9.0,6.0,17.0,3.0,17.0,5.0,13.0,5.0,17.0,3.0
641,9.0,7.0,18.0,1.0,17.0,5.0,15.0,5.0,18.0,5.0
642,12.0,11.0,17.0,5.0,16.0,3.0,17.0,4.0,19.0,4.0
643,9.0,8.0,14.0,6.0,15.0,4.0,17.0,8.0,16.0,5.0
644,7.0,8.0,17.0,4.0,13.0,3.0,17.0,6.0,15.0,6.0
645,7.0,7.0,16.0,5.0,11.0,2.0,15.0,8.0,13.0,6.0
646,7.0,11.0,20.0,6.0,11.0,1.0,19.0,9.0,12.0,5.0
647,8.0,11.0,21.0,5.0,9.0,1.0,17.0,11.0,12.0,3.0
648,5.0,9.0,20.0,2.0,6.0,0.0,15.0,12.0,9.0,4.0
649,5.0,13.0,17.0,4.0,5.0,0.0,15.0,11.0,11.0,3.0
650,8.0,15.0,19.0,7.0,6.0,2.0,14.0,11.0,11.0,3.0
651,6.0,18.0,19.0,7.0,4.0,3.0,14.0,9.0,8.0,2.0
652,6.0,19.0,19.0,6.0,3.0,5.0,13.0,10.0,10.0,2.0
653,7.0,15.0,14.0,8.0,5.0,4.0,12.0,8.0,10.0,1.0
654,7.0,13.0,13.0,7.0,4.0,4.0,12.0,9.0,7.0,3.0
655,8.0,13.0,11.0,6.0,4.0,5.0,15.0,12.0,8.0,4.0
656,8.0,14.0,10.0,5.0,8.0,4.0,14.0,14.0,9.0,6.0
657,11.0,12.0,9.0,7.0,10.0,3.0,13.0,17.0,10.0,9.0
658,10.0,10.0,9.0,8.0,9.0,2.0,11.0,13.0,6.0,6.0
659,10.0,8.0,9.0,8.0,11.0,1.0,10.0,11.0,6.0,6.0
660,10.0,8.0,9.0,9.0,10.0,1.0,11.0,10.0,6.0,6.0
661,10.0,10.0,8.0,10.0,12.0,2.0,9.0,8.0,7.0,6.0
662,11.0,11.0,10.0,11.0,12.0,5.0,14.0,6.0,7.0,7.0
663,8.0,9.0,13.0,9.0,7.0,5.0,13.0,8.0,5.0,6.0
664,8.0,10.0,9.0,10.0,6.0,7.0,11.0,8.0,3.0,4.0
665,6.0,7.0,9.0,11.0,9.0,8.0,9.0,9.0,2.0,3.0
666,5.0,9.0,11.0,12.0,7.0,9.0,8.0,9.0,3.0,4.0
667,9.0,8.0,10.0,13.0,6.0,8.0,8.0,9.0,6.0,3.0
668,4.0,7.0,5.0,9.0,5.0,6.0,6.0,8.0,7.0,4.0
669,6.0,5.0,5.0,9.0,5.0,4.0,7.0,9.0,8.0,3.0
670,8.0,3.0,6.0,7.0,7.0,5.0,12.0,11.0,7.0,3.0
671,8.0,3.0,6.0,8.0,7.0,7.0,14.0,12.0,8.0,7.0
672,12.0,3.0,5.0,11.0,7.0,7.0,16.0,14.0,6.0,10.0
673,10.0,3.0,4.0,10.0,8.0,7.0,16.0,7.0,4.0,8.0
674,9.0,1.0,3.0,7.0,11.0,9.0,13.0,6.0,6.0,7.0
675,8.0,4.0,4.0,8.0,11.0,11.0,14.0,3.0,9.0,7.0
676,10.0,4.0,6.0,10.0,12.0,15.0,14.0,6.0,8.0,7.0
677,9.0,4.0,7.0,11.0,13.0,14.0,16.0,8.0,10.0,7.0
678,8.0,2.0,8.0,9.0,15.0,10.0,11.0,6.0,5.0,5.0
679,7.0,2.0,8.0,9.0,14.0,10.0,12.0,8.0,6.0,4.0
680,9.0,2.0,11.0,10.0,16.0,9.0,15.0,9.0,9.0,5.0
681,10.0,2.0,12.0,6.0,13.0,12.0,14.0,10.0,10.0,6.0
682,9.0,3.0,14.0,8.0,14.0,13.0,14.0,11.0,9.0,6.0
683,9.0,2.0,13.0,9.0,12.0,12.0,14.0,8.0,7.0,4.0
684,8.0,3.0,12.0,12.0,12.0,10.0,14.0,8.0,9.0,7.0
685,11.0,4.0,13.0,11.0,12.0,10.0,14.0,8.0,8.0,5.0
686,10.0,6.0,12.0,12.0,12.0,9.0,15.0,9.0,9.0,7.0
687,9.0,8.0,12.0,14.0,14.0,11.0,16.0,9.0,7.0,7.0
688,8.0,4.0,12.0,11.0,13.0,8.0,11.0,6.0,6.0,6.0
689,8.0,4.0,15.0,12.0,13.0,8.0,13.0,6.0,6.0,4.0
690,7.0,4.0,15.0,8.0,13.0,8.0,13.0,7.0,8.0,6.0
691,7.0,4.0,17.0,7.0,13.0,6.0,12.0,9.0,10.0,5.0
692,7.0,4.0,21.0,7.0,16.0,3.0,14.0,8.0,12.0,7.0
693,7.0,4.0,18.0,9.0,12.0,3.0,13.0,8.0,12.0,3.0
694,7.0,3.0,17.0,12.0,13.0,2.0,13.0,8.0,11.0,5.0
695,6.0,5.0,18.0,13.0,13.0,3.0,12.0,5.0,10.0,6.0
696,6.0,4.0,18.0,14.0,15.0,6.0,15.0,6.0,15.0,4.0
697,7.0,7.0,22.0,13.0,14.0,7.0,16.0,6.0,17.0,6.0
698,6.0,5.0,23.0,9.0,11.0,6.0,15.0,11.0,11.0,4.0
699,7.0,7.0,23.0,10.0,10.0,7.0,14.0,7.0,13.0,3.0
700,3.0,9.0,23.0,12.0,9.0,6.0,12.0,9.0,16.0,4.0
701,4.0,12.0,24.0,10.0,8.0,8.0,13.0,9.0,20.0,4.0
702,4.0,12.0,25.0,9.0,10.0,9.0,11.0,10.0,18.0,6.0
703,4.0,14.0,23.0,6.0,8.0,5.0,10.0,7.0,15.0,0.0
704,7.0,15.0,21.0,6.0,11.0,3.0,9.0,6.0,14.0,0.0
705,8.0,15.0,21.0,4.0,14.0,4.0,12.0,6.0,14.0,0.0
706,10.0,17.0,22.0,3.0,14.0,6.0,12.0,8.0,15.0,3.0
707,9.0,17.0,21.0,5.0,17.0,10.0,12.0,8.0,16.0,6.0
708,8.0,11.0,17.0,2.0,15.0,7.0,9.0,7.0,11.0,3.0
709,8.0,10.0,15.0,3.0,13.0,7.0,11.0,10.0,13.0,6.0
710,9.0,8.0,15.0,6.0,12.0,9.0,11.0,12.0,14.0,4.0
711,10.0,9.0,17.0,3.0,12.0,10.0,10.0,14.0,15.0,8.0
712,11.0,8.0,19.0,6.0,10.0,12.0,11.0,14.0,18.0,9.0
713,10.0,7.0,16.0,4.0,9.0,8.0,10.0,12.0,17.0,7.0
714,10.0,8.0,14.0,4.0,7.0,8.0,11.0,13.0,13.0,7.0
715,11.0,9.0,13.0,6.0,9.0,10.0,10.0,14.0,12.0,7.0
716,16.0,10.0,15.0,9.0,10.0,11.0,11.0,14.0,11.0,8.0
717,13.0,11.0,15.0,12.0,11.0,11.0,12.0,15.0,12.0,10.0
718,14.0,11.0,16.0,9.0,11.0,10.0,10.0,13.0,10.0,8.0
719,11.0,11.0,17.0,11.0,9.0,8.0,12.0,14.0,10.0,8.0
720,14.0,12.0,17.0,14.0,8.0,7.0,9.0,13.0,13.0,8.0
721,11.0,14.0,17.0,10.0,7.0,7.0,11.0,13.0,8.0,8.0
722,11.0,14.0,17.0,9.0,7.0,8.0,13.0,14.0,8.0,8.0
723,10.0,11.0,14.0,6.0,5.0,6.0,10.0,13.0,7.0,6.0
724,12.0,9.0,10.0,5.0,3.0,7.0,8.0,13.0,5.0,3.0
725,11.0,9.0,10.0,6.0,6.0,8.0,6.0,14.0,4.0,4.0
726,14.0,11.0,10.0,8.0,6.0,9.0,6.0,15.0,7.0,6.0
727,15.0,14.0,9.0,8.0,9.0,12.0,7.0,15.0,6.0,8.0
728,12.0,11.0,7.0,5.0,11.0,12.0,7.0,16.0,4.0,5.0
729,11.0,11.0,6.0,6.0,13.0,12.0,7.0,15.0,7.0,5.0
730,11.0,10.0,8.0,8.0,11.0,12.0,8.0,14.0,9.0,8.0
731,11.0,11.0,6.0,9.0,10.0,13.0,11.0,11.0,7.0,5.0
732,11.0,10.0,7.0,13.0,10.0,12.0,11.0,10.0,6.0,6.0
733,12.0,8.0,5.0,7.0,8.0,10.0,7.0,10.0,3.0,5.0
734,10.0,8.0,7.0,8.0,9.0,11.0,4.0,7.0,4.0,6.0
735,11.0,10.0,9.0,6.0,9.0,10.0,3.0,9.0,3.0,7.0
736,11.0,11.0,8.0,8.0,9.0,12.0,4.0,8.0,4.0,9.0
737,12.0,12.0,8.0,8.0,11.0,14.0,5.0,7.0,8.0,12.0
738,10.0,9.0,4.0,4.0,15.0,14.0,3.0,6.0,7.0,10.0
739,12.0,9.0,6.0,5.0,16.0,13.0,4.0,4.0,8.0,9.0
740,14.0,9.0,6.0,7.0,19.0,12.0,5.0,6.0,9.0,10.0
741,12.0,9.0,6.0,8.0,23.0,16.0,6.0,8.0,10.0,9.0
742,11.0,12.0,6.0,11.0,20.0,15.0,5.0,7.0,10.0,10.0
743,8.0,10.0,7.0,10.0,23.0,12.0,2.0,7.0,5.0,6.0
744,9.0,11.0,8.0,9.0,20.0,13.0,5.0,6.0,6.0,6.0
745,10.0,11.0,8.0,10.0,19.0,13.0,6.0,8.0,6.0,7.0
746,11.0,11.0,9.0,8.0,20.0,13.0,8.0,7.0,8.0,7.0
747,11.0,10.0,8.0,8.0,20.0,15.0,11.0,8.0,9.0,9.0
748,11.0,11.0,11.0,5.0,15.0,14.0,6.0,7.0,7.0,5.0
749,11.0,10.0,9.0,3.0,15.0,11.0,8.0,8.0,9.0,6.0
750,12.0,10.0,10.0,6.0,14.0,9.0,9.0,12.0,8.0,6.0
751,11.0,12.0,11.0,4.0,17.0,7.0,9.0,12.0,11.0,7.0
752,14.0,15.0,14.0,8.0,16.0,12.0,10.0,11.0,15.0,7.0
753,14.0,11.0,12.0,7.0,12.0,9.0,9.0,5.0,9.0,2.0
754,14.0,10.0,11.0,8.0,13.0,10.0,10.0,3.0,11.0,1.0
755,15.0,9.0,14.0,7.0,11.0,9.0,9.0,8.0,11.0,3.0
756,13.0,13.0,14.0,7.0,14.0,10.0,10.0,8.0,11.0,3.0
757,12.0,11.0,15.0,10.0,16.0,11.0,13.0,8.0,12.0,5.0
758,9.0,9.0,16.0,9.0,14.0,12.0,10.0,10.0,11.0,1.0
759,10.0,9.0,14.0,10.0,13.0,11.0,11.0,10.0,12.0,3.0
760,11.0,8.0,15.0,11.0,15.0,12.0,14.0,13.0,11.0,4.0
761,13.0,9.0,15.0,13.0,15.0,11.0,15.0,13.0,10.0,5.0
762,14.0,11.0,17.0,14.0,16.0,9.0,13.0,16.0,12.0,4.0
763,13.0,8.0,13.0,14.0,15.0,8.0,12.0,13.0,9.0,5.0
764,11.0,6.0,11.0,12.0,13.0,6.0,11.0,12.0,12.0,4.0
765,11.0,7.0,9.0,11.0,11.0,6.0,13.0,13.0,12.0,6.0
766,10.0,6.0,10.0,12.0,10.0,8.0,14.0,14.0,14.0,6.0
767,9.0,7.0,12.0,14.0,10.0,9.0,15.0,14.0,12.0,9.0
768,4.0,5.0,10.0,12.0,8.0,9.0,10.0,10.0,11.0,4.0
769,5.0,3.0,10.0,13.0,10.0,8.0,9.0,13.0,11.0,6.0
770,7.0,5.0,11.0,14.0,10.0,10.0,8.0,11.0,11.0,6.0
771,10.0,5.0,12.0,12.0,11.0,11.0,9.0,13.0,10.0,6.0
772,13.0,7.0,14.0,11.0,12.0,11.0,8.0,12.0,12.0,6.0
773,10.0,5.0,12.0,12.0,9.0,7.0,8.0,10.0,9.0,6.0
774,11.0,5.0,12.0,10.0,8.0,8.0,9.0,9.0,8.0,3.0
775,14.0,5.0,16.0,7.0,10.0,8.0,13.0,10.0,8.0,4.0
776,15.0,7.0,12.0,8.0,13.0,10.0,16.0,12.0,9.0,5.0
777,16.0,5.0,13.0,10.0,13.0,10.0,15.0,13.0,7.0,6.0
778,11.0,3.0,11.0,9.0,12.0,7.0,13.0,12.0,7.0,5.0
779,10.0,3.0,13.0,8.0,13.0,9.0,12.0,14.0,9.0,6.0
780,11.0,3.0,13.0,12.0,12.0,8.0,13.0,14.0,10.0,7.0
781,10.0,3.0,16.0,10.0,14.0,8.0,13.0,14.0,11.0,10.0
782,10.0,2.0,15.0,9.0,14.0,8.0,14.0,14.0,12.0,10.0
783,7.0,3.0,12.0,5.0,14.0,6.0,12.0,12.0,12.0,9.0
784,6.0,3.0,12.0,4.0,13.0,5.0,13.0,14.0,10.0,7.0
785,8.0,6.0,13.0,5.0,11.0,4.0,13.0,14.0,10.0,7.0
786,7.0,7.0,14.0,8.0,12.0,4.0,12.0,15.0,8.0,11.0
787,9.0,7.0,12.0,11.0,14.0,7.0,14.0,16.0,6.0,11.0
788,9.0,6.0,7.0,11.0,11.0,7.0,11.0,14.0,3.0,7.0
789,7.0,5.0,7.0,12.0,8.0,6.0,13.0,14.0,1.0,5.0
790,6.0,5.0,7.0,13.0,13.0,7.0,13.0,14.0,1.0,6.0
791,9.0,6.0,8.0,13.0,9.0,6.0,15.0,15.0,3.0,4.0
792,8.0,6.0,10.0,14.0,9.0,6.0,15.0,15.0,2.0,5.0
793,4.0,5.0,8.0,14.0,8.0,2.0,15.0,13.0,2.0,5.0
794,3.0,6.0,6.0,11.0,7.0,4.0,14.0,17.0,2.0,5.0
795,3.0,7.0,10.0,13.0,7.0,4.0,13.0,15.0,2.0,5.0
796,5.0,8.0,9.0,11.0,10.0,8.0,14.0,17.0,4.0,6.0
797,4.0,11.0,6.0,12.0,12.0,10.0,18.0,14.0,6.0,6.0
798,5.0,10.0,3.0,7.0,14.0,9.0,13.0,14.0,5.0,5.0
799,3.0,11.0,2.0,11.0,13.0,7.0,14.0,14.0,7.0,4.0
800,6.0,13.0,0.0,10.0,17.0,7.0,13.0,13.0,7.0,4.0
801,8.0,15.0,2.0,10.0,15.0,4.0,13.0,10.0,7.0,3.0
802,7.0,16.0,3.0,15.0,15.0,6.0,14.0,10.0,7.0,4.0
803,7.0,12.0,3.0,12.0,13.0,4.0,15.0,10.0,5.0,2.0
804,5.0,11.0,7.0,15.0,11.0,6.0,13.0,11.0,7.0,3.0
805,7.0,11.0,9.0,13.0,8.0,6.0,14.0,12.0,9.0,4.0
806,6.0,11.0,11.0,15.0,9.0,7.0,17.0,13.0,14.0,5.0
807,6.0,12.0,15.0,17.0,10.0,8.0,17.0,15.0,17.0,5.0
808,7.0,9.0,11.0,16.0,12.0,10.0,16.0,12.0,16.0,7.0
809,6.0,9.0,13.0,17.0,13.0,10.0,16.0,12.0,16.0,7.0
810,5.0,9.0,10.0,20.0,15.0,13.0,18.0,13.0,18.0,7.0
811,5.0,11.0,9.0,19.0,17.0,13.0,17.0,11.0,19.0,9.0
812,4.0,13.0,11.0,19.0,17.0,16.0,16.0,15.0,17.0,10.0
813,6.0,13.0,9.0,15.0,17.0,14.0,15.0,11.0,14.0,8.0
814,6.0,13.0,10.0,11.0,14.0,13.0,15.0,12.0,13.0,8.0
815,7.0,13.0,8.0,12.0,12.0,12.0,14.0,12.0,12.0,6.0
816,9.0,12.0,11.0,9.0,15.0,13.0,16.0,12.0,14.0,5.0
817,9.0,13.0,12.0,11.0,15.0,12.0,15.0,13.0,12.0,7.0
818,7.0,9.0,10.0,12.0,12.0,11.0,15.0,12.0,11.0,5.0
819,8.0,11.0,12.0,11.0,13.0,10.0,15.0,11.0,12.0,6.0
820,9.0,10.0,10.0,13.0,12.0,12.0,16.0,11.0,12.0,5.0
821,9.0,13.0,11.0,13.0,14.0,12.0,13.0,12.0,14.0,8.0
822,12.0,15.0,12.0,16.0,11.0,13.0,13.0,13.0,19.0,9.0
823,10.0,14.0,11.0,14.0,10.0,13.0,12.0,14.0,16.0,7.0
824,9.0,14.0,13.0,13.0,9.0,13.0,12.0,13.0,13.0,7.0
825,11.0,15.0,16.0,13.0,8.0,15.0,10.0,13.0,11.0,6.0
826,11.0,15.0,16.0,14.0,10.0,13.0,13.0,14.0,12.0,5.0
827,12.0,14.0,16.0,14.0,11.0,15.0,14.0,14.0,13.0,3.0
828,12.0,11.0,15.0,10.0,7.0,10.0,13.0,12.0,14.0,1.0
829,10.0,12.0,15.0,10.0,5.0,10.0,14.0,10.0,13.0,1.0
830,13.0,12.0,13.0,10.0,7.0,9.0,12.0,10.0,15.0,2.0
831,13.0,12.0,12.0,10.0,8.0,10.0,12.0,7.0,14.0,2.0
832,17.0,10.0,14.0,14.0,5.0,12.0,11.0,9.0,13.0,3.0
833,11.0,7.0,15.0,10.0,6.0,7.0,8.0,7.0,8.0,3.0
834,12.0,8.0,16.0,11.0,8.0,9.0,8.0,6.0,9.0,5.0
835,11.0,7.0,17.0,12.0,7.0,8.0,9.0,5.0,9.0,7.0
836,14.0,10.0,18.0,13.0,8.0,11.0,11.0,6.0,9.0,7.0
837,15.0,9.0,19.0,13.0,6.0,11.0,14.0,8.0,14.0,8.0
838,16.0,10.0,14.0,9.0,5.0,11.0,11.0,8.0,12.0,6.0
839,14.0,10.0,12.0,11.0,2.0,10.0,11.0,8.0,10.0,7.0
840,13.0,10.0,13.0,12.0,8.0,14.0,11.0,8.0,14.0,7.0
841,16.0,12.0,15.0,11.0,7.0,15.0,13.0,8.0,16.0,8.0
842,15.0,13.0,16.0,11.0,6.0,17.0,16.0,6.0,17.0,10.0
843,15.0,12.0,12.0,9.0,7.0,15.0,13.0,5.0,15.0,6.0
844,12.0,11.0,10.0,10.0,3.0,14.0,15.0,4.0,12.0,4.0
845,11.0,11.0,10.0,10.0,2.0,14.0,11.0,5.0,10.0,6.0
846,10.0,12.0,9.0,14.0,5.0,14.0,10.0,5.0,9.0,5.0
847,16.0,13.0,10.0,12.0,5.0,12.0,12.0,6.0,10.0,6.0
848,10.0,13.0,10.0,9.0,5.0,12.0,8.0,6.0,6.0,3.0
849,11.0,11.0,8.0,12.0,5.0,14.0,8.0,6.0,7.0,3.0
850,12.0,11.0,9.0,12.0,7.0,14.0,8.0,6.0,6.0,2.0
851,9.0,10.0,11.0,13.0,7.0,14.0,9.0,7.0,3.0,3.0
852,8.0,12.0,12.0,12.0,7.0,16.0,8.0,7.0,5.0,4.0
853,6.0,9.0,12.0,13.0,7.0,17.0,8.0,2.0,6.0,2.0
854,2.0,11.0,12.0,14.0,4.0,15.0,9.0,1.0,9.0,5.0
855,2.0,11.0,15.0,13.0,5.0,15.0,8.0,3.0,7.0,6.0
856,4.0,11.0,15.0,15.0,6.0,17.0,9.0,4.0,9.0,6.0
857,6.0,11.0,15.0,17.0,7.0,15.0,9.0,7.0,10.0,8.0
858,5.0,12.0,13.0,16.0,8.0,14.0,6.0,6.0,11.0,4.0
859,6.0,12.0,8.0,16.0,8.0,14.0,8.0,6.0,11.0,5.0
860,8.0,14.0,6.0,16.0,8.0,13.0,7.0,6.0,15.0,4.0
861,9.0,12.0,8.0,18.0,10.0,14.0,4.0,7.0,16.0,5.0
862,8.0,13.0,8.0,17.0,11.0,15.0,5.0,3.0,19.0,7.0
863,10.0,9.0,7.0,15.0,11.0,15.0,3.0,4.0,13.0,7.0
864,10.0,10.0,6.0,13.0,11.0,15.0,7.0,3.0,10.0,10.0
865,9.0,9.0,9.0,14.0,11.0,14.0,6.0,3.0,12.0,9.0
866,7.0,8.0,9.0,15.0,13.0,15.0,8.0,5.0,9.0,11.0
867,9.0,9.0,8.0,16.0,14.0,13.0,8.0,5.0,8.0,10.0
868,7.0,8.0,7.0,15.0,14.0,12.0,6.0,4.0,6.0,8.0
869,7.0,7.0,7.0,18.0,15.0,14.0,6.0,5.0,7.0,10.0
870,9.0,9.0,2.0,18.0,18.0,13.0,8.0,6.0,7.0,12.0
871,6.0,10.0,6.0,19.0,16.0,15.0,6.0,7.0,6.0,7.0
872,8.0,10.0,7.0,19.0,20.0,15.0,5.0,8.0,8.0,8.0
873,5.0,10.0,4.0,19.0,15.0,13.0,3.0,5.0,12.0,7.0
874,9.0,8.0,7.0,17.0,15.0,12.0,3.0,6.0,11.0,6.0
875,6.0,7.0,11.0,17.0,15.0,9.0,2.0,5.0,12.0,8.0
876,6.0,9.0,12.0,15.0,17.0,13.0,3.0,6.0,11.0,8.0
877,9.0,8.0,13.0,15.0,16.0,13.0,5.0,7.0,12.0,9.0
878,9.0,6.0,9.0,13.0,13.0,13.0,5.0,4.0,10.0,9.0
879,9.0,4.0,9.0,13.0,16.0,14.0,6.0,7.0,11.0,11.0
880,12.0,3.0,8.0,13.0,15.0,16.0,7.0,10.0,13.0,11.0
881,9.0,2.0,9.0,16.0,15.0,15.0,8.0,11.0,12.0,7.0
882,11.0,2.0,11.0,17.0,17.0,15.0,11.0,13.0,14.0,8.0
883,9.0,1.0,8.0,16.0,13.0,13.0,8.0,10.0,14.0,7.0
884,8.0,1.0,7.0,15.0,12.0,13.0,8.0,11.0,13.0,7.0
885,8.0,0.0,8.0,18.0,14.0,12.0,10.0,10.0,12.0,6.0
886,12.0,1.0,9.0,18.0,17.0,11.0,10.0,12.0,14.0,7.0
887,12.0,0.0,6.0,17.0,19.0,10.0,13.0,11.0,15.0,8.0
888,12.0,2.0,4.0,13.0,17.0,10.0,13.0,10.0,11.0,5.0
889,12.0,2.0,5.0,11.0,17.0,10.0,14.0,11.0,11.0,7.0
890,12.0,2.0,8.0,10.0,15.0,12.0,14.0,13.0,13.0,8.0
891,12.0,6.0,8.0,8.0,14.0,13.0,15.0,15.0,14.0,10.0
892,12.0,7.0,10.0,7.0,14.0,14.0,13.0,16.0,17.0,11.0
893,12.0,7.0,12.0,5.0,10.0,13.0,13.0,14.0,13.0,10.0
894,7.0,6.0,15.0,8.0,10.0,11.0,14.0,12.0,10.0,9.0
895,8.0,8.0,16.0,9.0,11.0,13.0,12.0,11.0,8.0,11.0
896,9.0,8.0,15.0,10.0,12.0,10.0,14.0,10.0,11.0,11.0
897,11.0,10.0,16.0,10.0,12.0,10.0,16.0,9.0,13.0,11.0
898,7.0,4.0,17.0,10.0,12.0,8.0,14.0,8.0,9.0,8.0
899,9.0,4.0,14.0,5.0,15.0,7.0,11.0,9.0,11.0,5.0
900,11.0,7.0,11.0,4.0,15.0,8.0,14.0,9.0,11.0,7.0
901,10.0,3.0,10.0,4.0,13.0,10.0,16.0,10.0,11.0,5.0
902,9.0,3.0,11.0,5.0,13.0,10.0,16.0,12.0,11.0,7.0
903,11.0,2.0,9.0,7.0,10.0,11.0,13.0,9.0,11.0,3.0
904,10.0,4.0,9.0,7.0,7.0,12.0,13.0,10.0,10.0,2.0
905,9.0,6.0,11.0,9.0,7.0,12.0,13.0,7.0,9.0,3.0
906,12.0,8.0,13.0,9.0,7.0,13.0,13.0,8.0,9.0,5.0
907,11.0,10.0,12.0,9.0,6.0,12.0,15.0,8.0,9.0,8.0
908,10.0,8.0,10.0,9.0,7.0,11.0,13.0,5.0,11.0,8.0
909,14.0,9.0,12.0,7.0,5.0,12.0,11.0,4.0,14.0,9.0
910,13.0,8.0,14.0,9.0,7.0,12.0,12.0,2.0,13.0,9.0
911,15.0,6.0,12.0,12.0,10.0,12.0,14.0,4.0,15.0,9.0
912,15.0,8.0,12.0,13.0,9.0,11.0,13.0,7.0,14.0,7.0
913,15.0,7.0,11.0,9.0,5.0,11.0,12.0,5.0,14.0,1.0
914,15.0,8.0,11.0,9.0,6.0,10.0,11.0,4.0,15.0,1.0
915,14.0,9.0,11.0,10.0,10.0,9.0,9.0,6.0,13.0,5.0
916,18.0,10.0,12.0,10.0,9.0,14.0,9.0,8.0,12.0,8.0
917,21.0,14.0,12.0,10.0,10.0,14.0,8.0,10.0,13.0,7.0
918,14.0,10.0,13.0,9.0,7.0,13.0,8.0,7.0,11.0,7.0
919,11.0,10.0,14.0,11.0,7.0,13.0,7.0,7.0,8.0,8.0
920,9.0,10.0,14.0,10.0,5.0,12.0,8.0,7.0,8.0,6.0
921,10.0,9.0,14.0,12.0,8.0,12.0,6.0,8.0,7.0,7.0
922,10.0,8.0,16.0,11.0,9.0,11.0,4.0,6.0,8.0,8.0
923,7.0,7.0,14.0,7.0,8.0,10.0,4.0,5.0,9.0,6.0
924,7.0,9.0,15.0,4.0,8.0,9.0,2.0,5.0,11.0,6.0
925,8.0,12.0,15.0,8.0,11.0,10.0,3.0,6.0,10.0,7.0
926,11.0,12.0,14.0,11.0,14.0,9.0,5.0,7.0,11.0,8.0
927,14.0,12.0,15.0,10.0,16.0,9.0,8.0,8.0,12.0,10.0
928,10.0,10.0,14.0,9.0,13.0,8.0,6.0,7.0,8.0,11.0
929,11.0,9.0,15.0,7.0,12.0,8.0,8.0,6.0,6.0,11.0
930,13.0,8.0,13.0,6.0,12.0,6.0,8.0,6.0,7.0,10.0
931,11.0,8.0,14.0,8.0,13.0,5.0,13.0,9.0,6.0,15.0
932,12.0,9.0,16.0,9.0,16.0,6.0,10.0,7.0,7.0,14.0
933,11.0,10.0,13.0,9.0,14.0,5.0,10.0,8.0,5.0,13.0
934,10.0,10.0,12.0,11.0,15.0,5.0,9.0,9.0,5.0,8.0
935,9.0,11.0,11.0,10.0,17.0,5.0,10.0,11.0,3.0,8.0
936,9.0,12.0,10.0,10.0,16.0,5.0,11.0,12.0,5.0,9.0
937,9.0,16.0,11.0,9.0,15.0,5.0,12.0,10.0,4.0,12.0
938,7.0,14.0,7.0,9.0,13.0,5.0,12.0,12.0,4.0,10.0
939,8.0,12.0,6.0,6.0,13.0,6.0,14.0,12.0,3.0,10.0
940,9.0,12.0,7.0,6.0,11.0,7.0,14.0,14.0,2.0,8.0
941,10.0,12.0,8.0,9.0,12.0,7.0,15.0,16.0,4.0,11.0
942,9.0,12.0,9.0,12.0,13.0,5.0,14.0,14.0,9.0,14.0
943,3.0,10.0,9.0,9.0,10.0,5.0,12.0,12.0,4.0,13.0
944,3.0,10.0,11.0,8.0,11.0,1.0,9.0,8.0,7.0,16.0
945,3.0,8.0,10.0,11.0,12.0,1.0,9.0,8.0,8.0,17.0
946,5.0,7.0,10.0,12.0,12.0,3.0,11.0,10.0,7.0,16.0
947,6.0,8.0,12.0,13.0,12.0,2.0,9.0,10.0,10.0,16.0
948,6.0,7.0,9.0,10.0,9.0,2.0,7.0,11.0,6.0,9.0
949,5.0,8.0,10.0,9.0,10.0,1.0,10.0,12.0,3.0,8.0
950,6.0,9.0,8.0,8.0,12.0,1.0,14.0,13.0,2.0,8.0
951,6.0,9.0,9.0,8.0,15.0,1.0,13.0,13.0,2.0,7.0
952,10.0,10.0,9.0,9.0,16.0,3.0,14.0,14.0,3.0,8.0
953,8.0,10.0,4.0,9.0,11.0,2.0,14.0,13.0,5.0,9.0
954,7.0,10.0,6.0,10.0,10.0,4.0,13.0,13.0,6.0,11.0
955,7.0,12.0,6.0,10.0,11.0,3.0,12.0,15.0,9.0,10.0
956,10.0,13.0,3.0,13.0,12.0,4.0,13.0,16.0,9.0,13.0
957,13.0,13.0,3.0,11.0,11.0,5.0,14.0,16.0,12.0,12.0
958,13.0,7.0,4.0,7.0,10.0,3.0,11.0,14.0,10.0,8.0
959,13.0,7.0,3.0,6.0,10.0,2.0,11.0,14.0,9.0,4.0
960,14.0,5.0,2.0,5.0,9.0,3.0,10.0,12.0,10.0,6.0
961,15.0,5.0,4.0,5.0,7.0,2.0,12.0,12.0,11.0,7.0
962,16.0,4.0,7.0,8.0,8.0,1.0,15.0,10.0,16.0,11.0
963,11.0,4.0,3.0,5.0,7.0,0.0,10.0,9.0,12.0,11.0
964,10.0,7.0,7.0,8.0,8.0,0.0,10.0,11.0,11.0,10.0
965,12.0,8.0,10.0,11.0,9.0,2.0,11.0,11.0,15.0,8.0
966,12.0,7.0,10.0,10.0,8.0,3.0,9.0,12.0,14.0,7.0
967,12.0,10.0,9.0,13.0,11.0,5.0,12.0,13.0,13.0,5.0
968,11.0,3.0,8.0,10.0,9.0,6.0,8.0,11.0,11.0,3.0
969,14.0,4.0,5.0,11.0,8.0,10.0,9.0,11.0,14.0,4.0
970,12.0,5.0,4.0,10.0,8.0,10.0,9.0,14.0,13.0,7.0
971,14.0,6.0,3.0,10.0,10.0,12.0,12.0,15.0,15.0,7.0
972,14.0,7.0,6.0,10.0,11.0,13.0,12.0,16.0,14.0,10.0
973,12.0,3.0,6.0,8.0,12.0,9.0,10.0,14.0,17.0,6.0
974,13.0,2.0,7.0,7.0,10.0,8.0,10.0,14.0,18.0,5.0
975,13.0,4.0,7.0,9.0,11.0,6.0,8.0,14.0,19.0,4.0
976,13.0,5.0,7.0,7.0,13.0,4.0,8.0,15.0,19.0,5.0
977,11.0,7.0,8.0,7.0,13.0,3.0,10.0,13.0,19.0,6.0
978,12.0,8.0,8.0,4.0,11.0,1.0,8.0,10.0,15.0,5.0
979,9.0,8.0,8.0,2.0,12.0,2.0,11.0,11.0,10.0,9.0
980,9.0,8.0,6.0,4.0,11.0,4.0,12.0,11.0,11.0,9.0
981,10.0,8.0,8.0,4.0,11.0,6.0,14.0,12.0,8.0,10.0
982,9.0,8.0,10.0,5.0,9.0,8.0,12.0,12.0,9.0,12.0
983,8.0,6.0,8.0,5.0,4.0,7.0,10.0,8.0,8.0,10.0
984,9.0,7.0,13.0,5.0,4.0,7.0,10.0,8.0,9.0,12.0
985,9.0,8.0,13.0,5.0,4.0,9.0,10.0,7.0,10.0,13.0
986,10.0,9.0,17.0,5.0,3.0,7.0,10.0,9.0,13.0,13.0
987,10.0,11.0,19.0,5.0,4.0,6.0,9.0,10.0,15.0,13.0
988,11.0,12.0,17.0,3.0,8.0,5.0,7.0,11.0,13.0,9.0
989,10.0,13.0,14.0,3.0,6.0,6.0,8.0,8.0,11.0,7.0
990,11.0,16.0,15.0,6.0,7.0,4.0,11.0,10.0,10.0,7.0
991,16.0,15.0,19.0,8.0,9.0,4.0,10.0,9.0,10.0,6.0
992,17.0,16.0,19.0,7.0,9.0,3.0,9.0,10.0,9.0,7.0
993,11.0,14.0,17.0,7.0,6.0,1.0,6.0,10.0,8.0,6.0
994,13.0,13.0,20.0,8.0,3.0,2.0,7.0,10.0,10.0,5.0
995,14.0,14.0,22.0,9.0,6.0,4.0,5.0,10.0,10.0,6.0
996,12.0,14.0,20.0,13.0,4.0,3.0,8.0,12.0,11.0,6.0
997,12.0,13.0,19.0,17.0,6.0,2.0,10.0,14.0,13.0,8.0
998,9.0,10.0,17.0,14.0,6.0,4.0,6.0,10.0,12.0,8.0
999,9.0,9.0,16.0,13.0,7.0,1.0,7.0,9.0,13.0,8.0
1000,7.0,8.0,15.0,13.0,5.0,1.0,8.0,8.0,14.0,13.0
1001,12.0,10.0,14.0,15.0,8.0,1.0,10.0,10.0,14.0,10.0
1002,12.0,11.0,15.0,15.0,9.0,3.0,8.0,9.0,15.0,9.0
1003,10.0,12.0,10.0,13.0,8.0,3.0,6.0,8.0,13.0,7.0
1004,13.0,13.0,11.0,11.0,7.0,3.0,4.0,5.0,16.0,6.0
1005,17.0,14.0,13.0,10.0,9.0,3.0,4.0,4.0,12.0,5.0
1006,19.0,14.0,15.0,11.0,11.0,5.0,5.0,7.0,12.0,7.0
1007,21.0,16.0,17.0,13.0,15.0,7.0,6.0,4.0,9.0,8.0
1008,18.0,10.0,14.0,10.0,11.0,6.0,3.0,6.0,8.0,10.0
1009,17.0,9.0,12.0,10.0,11.0,8.0,5.0,4.0,8.0,9.0
1010,15.0,9.0,12.0,9.0,12.0,10.0,9.0,3.0,9.0,11.0
1011,16.0,11.0,11.0,11.0,13.0,11.0,7.0,1.0,11.0,12.0
1012,17.0,12.0,12.0,13.0,16.0,12.0,10.0,4.0,13.0,12.0
1013,12.0,8.0,11.0,12.0,14.0,8.0,6.0,3.0,10.0,11.0
1014,11.0,8.0,11.0,13.0,17.0,6.0,7.0,5.0,12.0,9.0
1015,9.0,8.0,12.0,13.0,17.0,7.0,5.0,6.0,10.0,11.0
1016,12.0,7.0,9.0,15.0,19.0,5.0,9.0,6.0,9.0,10.0
1017,9.0,11.0,11.0,16.0,19.0,5.0,9.0,7.0,11.0,12.0
1018,8.0,7.0,11.0,12.0,15.0,3.0,8.0,4.0,9.0,10.0
1019,8.0,7.0,8.0,11.0,12.0,3.0,11.0,4.0,9.0,10.0
1020,8.0,7.0,10.0,11.0,11.0,4.0,11.0,6.0,6.0,11.0
1021,11.0,5.0,9.0,12.0,12.0,4.0,12.0,6.0,8.0,12.0
1022,11.0,6.0,9.0,11.0,11.0,4.0,12.0,7.0,11.0,14.0
1023,7.0,4.0,9.0,9.0,9.0,5.0,10.0,4.0,12.0,12.0
1024,7.0,4.0,9.0,9.0,13.0,7.0,8.0,4.0,9.0,13.0
1025,8.0,5.0,10.0,9.0,13.0,10.0,8.0,6.0,11.0,13.0
1026,9.0,4.0,12.0,8.0,13.0,10.0,9.0,9.0,11.0,13.0
1027,8.0,5.0,12.0,10.0,13.0,9.0,10.0,8.0,9.0,13.0
1028,6.0,5.0,11.0,10.0,10.0,9.0,9.0,8.0,6.0,14.0
1029,4.0,6.0,9.0,12.0,10.0,10.0,10.0,8.0,5.0,14.0
1030,3.0,6.0,7.0,13.0,8.0,9.0,9.0,10.0,7.0,14.0
1031,5.0,7.0,7.0,13.0,8.0,10.0,12.0,11.0,9.0,14.0
1032,8.0,7.0,7.0,13.0,12.0,12.0,12.0,11.0,12.0,14.0
1033,6.0,7.0,4.0,10.0,10.0,8.0,13.0,11.0,8.0,14.0
1034,7.0,8.0,3.0,8.0,13.0,9.0,11.0,12.0,8.0,14.0
1035,8.0,8.0,3.0,8.0,15.0,10.0,8.0,12.0,8.0,14.0
1036,7.0,10.0,5.0,8.0,14.0,12.0,10.0,13.0,5.0,14.0
1037,8.0,13.0,7.0,11.0,15.0,13.0,9.0,13.0,7.0,16.0
1038,5.0,10.0,9.0,9.0,11.0,14.0,7.0,13.0,5.0,13.0
1039,6.0,7.0,11.0,9.0,10.0,13.0,5.0,12.0,5.0,12.0
1040,5.0,9.0,12.0,9.0,10.0,15.0,7.0,12.0,5.0,12.0
1041,8.0,9.0,13.0,10.0,11.0,15.0,8.0,14.0,9.0,14.0
1042,10.0,10.0,14.0,12.0,9.0,15.0,7.0,13.0,11.0,15.0
1043,11.0,9.0,10.0,12.0,8.0,11.0,5.0,12.0,10.0,12.0
1044,11.0,11.0,11.0,11.0,10.0,8.0,3.0,11.0,12.0,10.0
1045,12.0,12.0,12.0,12.0,11.0,8.0,5.0,12.0,11.0,9.0
1046,15.0,12.0,14.0,14.0,10.0,9.0,6.0,12.0,12.0,8.0
1047,14.0,14.0,15.0,15.0,13.0,7.0,6.0,12.0,15.0,7.0
1048,12.0,8.0,12.0,15.0,9.0,9.0,8.0,9.0,13.0,7.0
1049,9.0,6.0,11.0,17.0,7.0,7.0,7.0,12.0,14.0,10.0
1050,9.0,5.0,12.0,17.0,6.0,8.0,9.0,9.0,12.0,9.0
1051,9.0,6.0,14.0,15.0,8.0,7.0,11.0,10.0,14.0,7.0
1052,11.0,5.0,20.0,17.0,13.0,8.0,13.0,9.0,17.0,7.0
1053,10.0,5.0,19.0,12.0,10.0,9.0,10.0,9.0,12.0,8.0
1054,12.0,4.0,17.0,11.0,12.0,7.0,13.0,10.0,12.0,5.0
1055,15.0,3.0,20.0,12.0,10.0,8.0,16.0,11.0,16.0,6.0
1056,18.0,5.0,20.0,13.0,9.0,10.0,14.0,12.0,11.0,6.0
1057,19.0,6.0,23.0,15.0,5.0,9.0,13.0,11.0,12.0,6.0
1058,16.0,6.0,17.0,11.0,6.0,7.0,11.0,9.0,15.0,5.0
1059,15.0,5.0,17.0,11.0,6.0,7.0,8.0,8.0,13.0,6.0
1060,13.0,6.0,16.0,12.0,8.0,8.0,8.0,9.0,12.0,6.0
1061,12.0,7.0,18.0,11.0,8.0,9.0,10.0,10.0,13.0,7.0
1062,12.0,5.0,18.0,12.0,9.0,11.0,12.0,10.0,18.0,7.0
1063,6.0,3.0,15.0,11.0,5.0,9.0,10.0,9.0,16.0,4.0
1064,6.0,2.0,13.0,7.0,6.0,9.0,10.0,11.0,14.0,3.0
1065,6.0,1.0,15.0,5.0,6.0,9.0,9.0,11.0,13.0,3.0
1066,9.0,3.0,18.0,6.0,7.0,11.0,7.0,14.0,17.0,2.0
1067,13.0,3.0,21.0,8.0,6.0,12.0,7.0,15.0,18.0,2.0
1068,10.0,4.0,19.0,7.0,7.0,7.0,5.0,12.0,14.0,2.0
1069,8.0,8.0,14.0,6.0,7.0,7.0,5.0,11.0,13.0,1.0
1070,7.0,10.0,14.0,7.0,8.0,4.0,4.0,11.0,12.0,1.0
1071,8.0,13.0,15.0,9.0,9.0,6.0,5.0,12.0,12.0,1.0
1072,8.0,12.0,18.0,10.0,13.0,3.0,5.0,11.0,15.0,2.0
1073,6.0,12.0,12.0,8.0,8.0,5.0,4.0,11.0,11.0,1.0
1074,6.0,13.0,16.0,9.0,10.0,7.0,6.0,10.0,10.0,0.0
1075,6.0,16.0,18.0,9.0,12.0,6.0,5.0,9.0,12.0,2.0
1076,4.0,15.0,17.0,8.0,11.0,8.0,9.0,7.0,12.0,2.0
1077,3.0,17.0,14.0,10.0,11.0,10.0,11.0,5.0,14.0,3.0
1078,3.0,15.0,11.0,9.0,9.0,6.0,7.0,5.0,14.0,3.0
1079,5.0,16.0,12.0,10.0,9.0,5.0,8.0,5.0,16.0,3.0
1080,5.0,15.0,9.0,11.0,9.0,9.0,9.0,5.0,15.0,4.0
1081,6.0,17.0,11.0,10.0,10.0,11.0,9.0,5.0,15.0,4.0
1082,6.0,18.0,13.0,11.0,10.0,9.0,11.0,5.0,16.0,4.0
1083,4.0,18.0,12.0,11.0,11.0,6.0,8.0,4.0,16.0,0.0
1084,4.0,20.0,16.0,12.0,13.0,5.0,7.0,4.0,15.0,5.0
1085,7.0,18.0,16.0,11.0,13.0,2.0,9.0,9.0,14.0,5.0
1086,4.0,22.0,17.0,14.0,13.0,2.0,13.0,7.0,15.0,6.0
1087,5.0,21.0,15.0,16.0,12.0,7.0,15.0,6.0,19.0,7.0
1088,5.0,18.0,12.0,12.0,12.0,4.0,11.0,4.0,13.0,4.0
1089,6.0,16.0,10.0,10.0,13.0,8.0,10.0,5.0,12.0,4.0
1090,10.0,13.0,7.0,11.0,14.0,8.0,12.0,5.0,12.0,5.0
1091,10.0,10.0,8.0,12.0,16.0,7.0,13.0,6.0,12.0,2.0
1092,14.0,10.0,8.0,12.0,16.0,6.0,12.0,6.0,14.0,2.0
1093,9.0,7.0,7.0,10.0,12.0,3.0,10.0,6.0,11.0,2.0
1094,11.0,4.0,6.0,8.0,11.0,5.0,9.0,7.0,12.0,4.0
1095,12.0,5.0,9.0,9.0,14.0,6.0,9.0,6.0,13.0,7.0
1096,11.0,6.0,10.0,10.0,13.0,11.0,11.0,7.0,15.0,9.0
1097,11.0,10.0,10.0,11.0,13.0,12.0,12.0,6.0,11.0,8.0
1098,10.0,9.0,12.0,11.0,15.0,14.0,12.0,4.0,10.0,6.0
1099,8.0,11.0,11.0,9.0,13.0,14.0,15.0,2.0,9.0,8.0
1100,9.0,12.0,13.0,9.0,13.0,16.0,14.0,3.0,8.0,6.0
1101,10.0,16.0,15.0,10.0,15.0,17.0,16.0,4.0,10.0,6.0
1102,11.0,16.0,16.0,7.0,17.0,13.0,17.0,3.0,13.0,6.0
1103,11.0,11.0,14.0,8.0,15.0,10.0,13.0,4.0,12.0,6.0
1104,10.0,10.0,13.0,7.0,15.0,8.0,10.0,2.0,13.0,7.0
1105,12.0,10.0,14.0,8.0,16.0,6.0,9.0,2.0,16.0,10.0
1106,11.0,9.0,13.0,9.0,14.0,5.0,9.0,2.0,14.0,11.0
1107,13.0,7.0,14.0,10.0,15.0,9.0,10.0,3.0,13.0,12.0
1108,11.0,9.0,16.0,10.0,13.0,7.0,12.0,5.0,9.0,9.0
1109,12.0,8.0,13.0,10.0,11.0,7.0,13.0,5.0,8.0,10.0
1110,12.0,9.0,13.0,12.0,10.0,10.0,18.0,6.0,5.0,11.0
1111,14.0,9.0,14.0,12.0,9.0,10.0,16.0,7.0,6.0,8.0
1112,15.0,9.0,13.0,13.0,9.0,14.0,17.0,7.0,6.0,8.0
1113,12.0,5.0,7.0,9.0,11.0,13.0,12.0,3.0,5.0,8.0
1114,10.0,6.0,8.0,9.0,11.0,11.0,11.0,5.0,6.0,7.0
1115,10.0,6.0,10.0,8.0,11.0,9.0,10.0,8.0,10.0,7.0
1116,10.0,10.0,11.0,8.0,10.0,8.0,10.0,7.0,7.0,7.0
1117,9.0,10.0,13.0,7.0,9.0,11.0,11.0,8.0,8.0,8.0
1118,6.0,9.0,10.0,4.0,9.0,8.0,11.0,9.0,9.0,7.0
1119,7.0,10.0,9.0,6.0,6.0,7.0,12.0,9.0,7.0,7.0
1120,13.0,8.0,7.0,5.0,6.0,9.0,15.0,13.0,5.0,7.0
1121,13.0,12.0,8.0,9.0,7.0,10.0,14.0,14.0,8.0,5.0
1122,15.0,11.0,10.0,9.0,7.0,8.0,15.0,14.0,10.0,5.0
1123,13.0,11.0,9.0,7.0,6.0,8.0,12.0,11.0,9.0,2.0
1124,13.0,10.0,7.0,5.0,5.0,7.0,12.0,12.0,8.0,1.0
1125,13.0,11.0,9.0,8.0,4.0,8.0,11.0,12.0,9.0,1.0
1126,11.0,15.0,13.0,10.0,5.0,9.0,13.0,14.0,7.0,3.0
1127,11.0,15.0,14.0,11.0,7.0,11.0,11.0,16.0,7.0,4.0
1128,8.0,14.0,15.0,7.0,7.0,8.0,5.0,13.0,5.0,4.0
1129,7.0,12.0,13.0,7.0,7.0,8.0,7.0,13.0,5.0,4.0
1130,7.0,12.0,11.0,7.0,6.0,10.0,8.0,12.0,4.0,5.0
1131,6.0,11.0,14.0,12.0,8.0,9.0,9.0,13.0,5.0,7.0
1132,7.0,15.0,20.0,10.0,10.0,9.0,11.0,12.0,4.0,7.0
1133,6.0,13.0,19.0,7.0,7.0,5.0,13.0,14.0,8.0,5.0
1134,4.0,10.0,19.0,9.0,7.0,3.0,10.0,14.0,10.0,5.0
1135,6.0,12.0,18.0,9.0,6.0,1.0,12.0,14.0,13.0,5.0
1136,8.0,9.0,22.0,12.0,8.0,4.0,16.0,15.0,14.0,7.0
1137,6.0,13.0,24.0,15.0,9.0,4.0,15.0,15.0,19.0,5.0
1138,1.0,12.0,21.0,16.0,6.0,3.0,12.0,14.0,15.0,6.0
1139,2.0,12.0,18.0,14.0,5.0,4.0,15.0,13.0,15.0,3.0
1140,4.0,12.0,15.0,16.0,5.0,5.0,12.0,13.0,11.0,4.0
1141,4.0,14.0,15.0,17.0,5.0,7.0,14.0,14.0,12.0,6.0
1142,9.0,15.0,16.0,16.0,9.0,6.0,14.0,17.0,13.0,5.0
1143,7.0,12.0,14.0,14.0,6.0,5.0,13.0,16.0,13.0,5.0
1144,9.0,15.0,15.0,13.0,7.0,7.0,11.0,13.0,16.0,5.0
1145,7.0,15.0,17.0,15.0,5.0,8.0,10.0,14.0,18.0,5.0
1146,10.0,14.0,20.0,16.0,7.0,9.0,10.0,13.0,18.0,5.0
1147,8.0,12.0,21.0,16.0,8.0,10.0,10.0,16.0,18.0,5.0
1148,5.0,11.0,18.0,14.0,9.0,9.0,9.0,13.0,17.0,7.0
1149,4.0,11.0,15.0,12.0,8.0,8.0,13.0,12.0,18.0,5.0
1150,5.0,10.0,12.0,13.0,9.0,9.0,11.0,14.0,17.0,6.0
1151,5.0,12.0,15.0,13.0,10.0,11.0,11.0,11.0,18.0,5.0
1152,6.0,12.0,16.0,15.0,11.0,11.0,11.0,12.0,17.0,6.0
1153,5.0,12.0,15.0,15.0,12.0,10.0,9.0,13.0,13.0,5.0
1154,5.0,13.0,11.0,15.0,13.0,12.0,11.0,15.0,12.0,7.0
1155,3.0,13.0,12.0,14.0,11.0,10.0,10.0,12.0,14.0,8.0
1156,6.0,11.0,11.0,19.0,9.0,12.0,11.0,16.0,15.0,10.0
1157,8.0,11.0,11.0,20.0,9.0,14.0,14.0,15.0,17.0,11.0
1158,7.0,10.0,12.0,15.0,8.0,12.0,13.0,12.0,16.0,8.0
1159,8.0,12.0,13.0,16.0,11.0,16.0,14.0,12.0,15.0,9.0
1160,8.0,10.0,14.0,16.0,10.0,15.0,13.0,11.0,15.0,12.0
1161,8.0,12.0,13.0,17.0,12.0,19.0,15.0,11.0,15.0,11.0
1162,10.0,12.0,12.0,19.0,15.0,20.0,16.0,10.0,15.0,10.0
1163,10.0,10.0,10.0,19.0,14.0,20.0,12.0,9.0,14.0,6.0
1164,10.0,8.0,11.0,15.0,17.0,19.0,10.0,9.0,18.0,4.0
1165,11.0,11.0,11.0,12.0,18.0,18.0,9.0,8.0,19.0,3.0
1166,12.0,11.0,10.0,12.0,20.0,15.0,8.0,9.0,17.0,5.0
1167,17.0,9.0,8.0,12.0,20.0,15.0,9.0,6.0,18.0,5.0
1168,15.0,8.0,10.0,11.0,20.0,10.0,12.0,3.0,16.0,5.0
1169,15.0,4.0,9.0,13.0,20.0,8.0,13.0,3.0,15.0,6.0
1170,16.0,3.0,10.0,12.0,20.0,6.0,18.0,3.0,15.0,7.0
1171,17.0,4.0,12.0,13.0,20.0,6.0,20.0,4.0,16.0,10.0
1172,15.0,5.0,13.0,13.0,17.0,5.0,18.0,6.0,19.0,12.0
1173,15.0,4.0,12.0,11.0,12.0,8.0,15.0,5.0,17.0,10.0
1174,13.0,5.0,13.0,12.0,10.0,9.0,14.0,5.0,14.0,9.0
1175,13.0,5.0,13.0,11.0,10.0,12.0,17.0,5.0,15.0,9.0
1176,13.0,8.0,13.0,11.0,9.0,9.0,15.0,7.0,14.0,10.0
1177,13.0,8.0,10.0,14.0,9.0,10.0,11.0,11.0,15.0,10.0
1178,10.0,10.0,12.0,12.0,8.0,9.0,10.0,9.0,15.0,5.0
1179,12.0,10.0,12.0,12.0,9.0,7.0,8.0,11.0,14.0,6.0
1180,15.0,9.0,11.0,15.0,11.0,9.0,9.0,10.0,15.0,8.0
1181,13.0,11.0,14.0,16.0,14.0,10.0,11.0,10.0,16.0,9.0
1182,13.0,14.0,15.0,16.0,14.0,10.0,12.0,10.0,16.0,11.0
1183,12.0,7.0,10.0,11.0,10.0,6.0,11.0,8.0,16.0,9.0
1184,8.0,5.0,11.0,11.0,10.0,7.0,10.0,6.0,15.0,8.0
1185,8.0,7.0,12.0,10.0,8.0,7.0,12.0,10.0,13.0,10.0
1186,9.0,7.0,9.0,10.0,7.0,10.0,11.0,10.0,14.0,9.0
1187,10.0,9.0,11.0,10.0,8.0,9.0,13.0,11.0,13.0,10.0
1188,9.0,8.0,10.0,5.0,3.0,10.0,10.0,14.0,9.0,8.0
1189,10.0,9.0,7.0,6.0,4.0,7.0,9.0,13.0,9.0,7.0
1190,11.0,9.0,9.0,3.0,3.0,6.0,11.0,13.0,9.0,5.0
1191,10.0,13.0,10.0,4.0,5.0,8.0,11.0,16.0,10.0,8.0
1192,7.0,13.0,11.0,6.0,6.0,9.0,11.0,15.0,12.0,6.0
1193,5.0,10.0,10.0,5.0,4.0,7.0,13.0,10.0,12.0,6.0
1194,6.0,10.0,12.0,4.0,4.0,8.0,17.0,11.0,11.0,6.0
1195,4.0,14.0,13.0,3.0,7.0,10.0,20.0,10.0,9.0,8.0
1196,6.0,13.0,14.0,6.0,7.0,12.0,22.0,10.0,8.0,9.0
1197,7.0,14.0,13.0,5.0,8.0,12.0,24.0,10.0,7.0,11.0
1198,5.0,11.0,11.0,5.0,8.0,12.0,18.0,10.0,4.0,8.0
1199,5.0,11.0,10.0,8.0,6.0,9.0,15.0,9.0,5.0,7.0
1200,3.0,13.0,10.0,7.0,7.0,9.0,14.0,12.0,4.0,4.0
1201,5.0,14.0,11.0,7.0,6.0,8.0,11.0,14.0,4.0,4.0
1202,9.0,15.0,12.0,7.0,5.0,7.0,11.0,17.0,5.0,4.0
1203,7.0,14.0,16.0,5.0,6.0,4.0,9.0,15.0,3.0,3.0
1204,10.0,16.0,15.0,4.0,6.0,6.0,10.0,13.0,3.0,2.0
1205,10.0,16.0,14.0,4.0,6.0,6.0,10.0,13.0,2.0,2.0
1206,12.0,16.0,16.0,5.0,6.0,7.0,12.0,16.0,4.0,2.0
1207,16.0,15.0,15.0,5.0,8.0,10.0,13.0,20.0,6.0,6.0
1208,14.0,12.0,16.0,4.0,7.0,10.0,10.0,20.0,3.0,4.0
1209,12.0,11.0,17.0,6.0,8.0,11.0,9.0,16.0,6.0,7.0
1210,12.0,11.0,19.0,8.0,7.0,12.0,9.0,13.0,7.0,8.0
1211,11.0,11.0,20.0,6.0,10.0,15.0,7.0,12.0,8.0,6.0
1212,11.0,9.0,22.0,6.0,11.0,17.0,8.0,12.0,7.0,6.0
1213,8.0,7.0,20.0,6.0,14.0,12.0,6.0,13.0,4.0,3.0
1214,10.0,9.0,19.0,6.0,16.0,14.0,5.0,13.0,4.0,2.0
1215,10.0,7.0,20.0,5.0,18.0,13.0,4.0,15.0,4.0,2.0
1216,11.0,8.0,20.0,12.0,20.0,11.0,5.0,14.0,5.0,3.0
1217,12.0,10.0,17.0,16.0,20.0,11.0,7.0,11.0,6.0,3.0
1218,11.0,5.0,14.0,11.0,19.0,11.0,5.0,10.0,5.0,5.0
1219,9.0,3.0,13.0,13.0,17.0,8.0,7.0,11.0,8.0,5.0
1220,9.0,3.0,13.0,10.0,16.0,7.0,7.0,12.0,10.0,8.0
1221,12.0,4.0,12.0,12.0,16.0,11.0,8.0,13.0,11.0,5.0
1222,14.0,2.0,16.0,10.0,17.0,13.0,10.0,16.0,11.0,4.0
1223,7.0,2.0,8.0,9.0,15.0,14.0,6.0,14.0,13.0,5.0
1224,9.0,3.0,11.0,6.0,13.0,16.0,5.0,13.0,11.0,4.0
1225,11.0,3.0,13.0,5.0,13.0,17.0,6.0,14.0,12.0,5.0
1226,11.0,2.0,10.0,5.0,14.0,16.0,8.0,14.0,12.0,6.0
1227,12.0,2.0,12.0,8.0,15.0,16.0,8.0,16.0,13.0,6.0
1228,11.0,1.0,11.0,7.0,14.0,16.0,8.0,17.0,12.0,5.0
1229,11.0,1.0,7.0,9.0,15.0,13.0,11.0,15.0,12.0,6.0
1230,9.0,4.0,6.0,9.0,15.0,13.0,11.0,12.0,12.0,8.0
1231,12.0,6.0,7.0,9.0,16.0,15.0,12.0,12.0,11.0,10.0
1232,15.0,6.0,8.0,10.0,18.0,15.0,12.0,11.0,11.0,11.0
1233,14.0,7.0,6.0,8.0,13.0,12.0,10.0,11.0,10.0,11.0
1234,14.0,6.0,7.0,9.0,12.0,13.0,8.0,10.0,8.0,11.0
1235,16.0,5.0,9.0,10.0,11.0,14.0,6.0,10.0,8.0,11.0
1236,13.0,8.0,9.0,11.0,12.0,11.0,8.0,11.0,8.0,14.0
1237,11.0,8.0,12.0,11.0,13.0,11.0,12.0,13.0,10.0,14.0
1238,10.0,6.0,12.0,10.0,15.0,9.0,9.0,13.0,11.0,13.0
1239,8.0,7.0,13.0,14.0,15.0,8.0,11.0,13.0,10.0,11.0
1240,9.0,8.0,11.0,14.0,17.0,8.0,12.0,14.0,10.0,13.0
1241,11.0,10.0,12.0,14.0,17.0,11.0,11.0,15.0,10.0,12.0
1242,14.0,10.0,12.0,9.0,16.0,12.0,11.0,16.0,9.0,11.0
1243,12.0,8.0,9.0,7.0,13.0,11.0,12.0,13.0,10.0,8.0
1244,7.0,7.0,8.0,7.0,9.0,12.0,12.0,13.0,10.0,6.0
1245,8.0,5.0,8.0,7.0,8.0,12.0,12.0,12.0,11.0,9.0
1246,6.0,8.0,6.0,10.0,8.0,12.0,18.0,12.0,13.0,11.0
1247,5.0,11.0,5.0,10.0,9.0,12.0,20.0,17.0,13.0,14.0
1248,3.0,10.0,5.0,6.0,9.0,11.0,20.0,13.0,11.0,11.0
1249,4.0,11.0,5.0,7.0,13.0,11.0,18.0,14.0,11.0,11.0
1250,5.0,12.0,5.0,8.0,16.0,9.0,18.0,13.0,10.0,12.0
1251,8.0,14.0,7.0,7.0,16.0,12.0,14.0,14.0,10.0,11.0
1252,10.0,14.0,8.0,5.0,17.0,15.0,12.0,14.0,12.0,11.0
1253,7.0,11.0,8.0,4.0,14.0,10.0,10.0,11.0,8.0,8.0
1254,9.0,10.0,12.0,4.0,11.0,11.0,7.0,13.0,9.0,6.0
1255,9.0,12.0,12.0,5.0,9.0,11.0,7.0,13.0,9.0,4.0
1256,10.0,14.0,12.0,8.0,10.0,10.0,8.0,15.0,9.0,3.0
1257,10.0,16.0,13.0,8.0,9.0,10.0,10.0,16.0,9.0,4.0
1258,10.0,14.0,8.0,8.0,6.0,10.0,8.0,15.0,10.0,2.0
1259,9.0,12.0,10.0,7.0,8.0,10.0,9.0,15.0,8.0,7.0
1260,8.0,15.0,9.0,7.0,8.0,9.0,9.0,16.0,6.0,8.0
1261,9.0,19.0,13.0,8.0,10.0,10.0,9.0,14.0,9.0,13.0
1262,11.0,20.0,13.0,8.0,9.0,13.0,12.0,11.0,10.0,13.0
1263,12.0,13.0,12.0,7.0,8.0,10.0,12.0,7.0,8.0,10.0
1264,14.0,13.0,12.0,8.0,7.0,12.0,10.0,8.0,11.0,10.0
1265,12.0,11.0,12.0,7.0,7.0,13.0,10.0,5.0,12.0,13.0
1266,15.0,11.0,10.0,7.0,7.0,13.0,12.0,6.0,11.0,12.0
1267,14.0,12.0,9.0,10.0,9.0,13.0,15.0,6.0,11.0,16.0
1268,11.0,7.0,8.0,6.0,6.0,11.0,11.0,3.0,10.0,12.0
1269,11.0,9.0,6.0,9.0,9.0,7.0,12.0,2.0,11.0,8.0
1270,10.0,10.0,4.0,9.0,13.0,6.0,12.0,6.0,12.0,6.0
1271,10.0,9.0,5.0,9.0,10.0,8.0,15.0,7.0,12.0,7.0
1272,12.0,9.0,5.0,10.0,13.0,6.0,15.0,6.0,13.0,7.0
1273,10.0,9.0,3.0,9.0,10.0,5.0,11.0,5.0,11.0,5.0
1274,11.0,6.0,4.0,7.0,9.0,7.0,11.0,6.0,10.0,4.0
1275,14.0,6.0,5.0,7.0,8.0,8.0,11.0,6.0,12.0,4.0
1276,15.0,8.0,7.0,8.0,8.0,7.0,12.0,6.0,12.0,6.0
1277,15.0,11.0,9.0,12.0,10.0,9.0,12.0,4.0,11.0,6.0
1278,15.0,9.0,8.0,10.0,7.0,10.0,9.0,4.0,8.0,7.0
1279,15.0,11.0,10.0,10.0,9.0,9.0,11.0,5.0,8.0,7.0
1280,13.0,11.0,13.0,12.0,12.0,9.0,12.0,7.0,8.0,8.0
1281,15.0,13.0,15.0,15.0,9.0,10.0,13.0,7.0,9.0,8.0
1282,14.0,15.0,16.0,17.0,9.0,11.0,14.0,9.0,7.0,7.0
1283,13.0,12.0,13.0,16.0,7.0,5.0,12.0,6.0,6.0,5.0
1284,10.0,12.0,12.0,12.0,6.0,6.0,11.0,6.0,6.0,4.0
1285,12.0,12.0,14.0,10.0,6.0,7.0,12.0,7.0,5.0,5.0
1286,10.0,14.0,12.0,10.0,8.0,4.0,14.0,12.0,5.0,4.0
1287,10.0,15.0,13.0,12.0,7.0,5.0,14.0,13.0,6.0,4.0
1288,9.0,12.0,12.0,10.0,6.0,6.0,11.0,12.0,5.0,6.0
1289,8.0,10.0,11.0,11.0,6.0,2.0,13.0,5.0,6.0,6.0
1290,11.0,10.0,9.0,12.0,4.0,2.0,11.0,6.0,7.0,8.0
1291,10.0,10.0,10.0,10.0,2.0,2.0,11.0,6.0,10.0,10.0
1292,12.0,10.0,11.0,11.0,3.0,3.0,10.0,7.0,11.0,14.0
1293,11.0,8.0,9.0,7.0,0.0,5.0,8.0,6.0,11.0,11.0
1294,11.0,6.0,7.0,9.0,2.0,7.0,5.0,6.0,10.0,10.0
1295,12.0,7.0,11.0,8.0,3.0,7.0,5.0,6.0,10.0,10.0
1296,14.0,6.0,13.0,10.0,2.0,8.0,3.0,8.0,10.0,9.0
1297,15.0,6.0,15.0,12.0,6.0,11.0,3.0,8.0,11.0,6.0
1298,14.0,5.0,10.0,10.0,4.0,7.0,2.0,10.0,13.0,6.0
1299,14.0,7.0,10.0,10.0,5.0,7.0,3.0,10.0,11.0,7.0
1300,14.0,8.0,11.0,12.0,6.0,10.0,3.0,11.0,14.0,8.0
1301,13.0,9.0,13.0,14.0,6.0,7.0,4.0,12.0,14.0,10.0
1302,14.0,11.0,16.0,14.0,5.0,6.0,5.0,14.0,14.0,10.0
1303,14.0,9.0,14.0,12.0,2.0,5.0,2.0,14.0,12.0,11.0
1304,14.0,8.0,13.0,13.0,3.0,5.0,4.0,14.0,12.0,10.0
1305,13.0,9.0,15.0,11.0,6.0,6.0,2.0,14.0,12.0,13.0
1306,16.0,9.0,14.0,12.0,7.0,9.0,5.0,16.0,14.0,12.0
1307,18.0,11.0,16.0,9.0,7.0,10.0,4.0,15.0,15.0,10.0
1308,15.0,9.0,14.0,5.0,9.0,10.0,1.0,14.0,12.0,10.0
1309,17.0,10.0,11.0,6.0,6.0,13.0,4.0,16.0,12.0,12.0
1310,15.0,13.0,8.0,6.0,7.0,14.0,6.0,16.0,11.0,14.0
1311,16.0,15.0,11.0,9.0,7.0,15.0,4.0,18.0,13.0,15.0
1312,16.0,15.0,9.0,11.0,7.0,18.0,4.0,16.0,15.0,16.0
1313,13.0,15.0,7.0,13.0,6.0,17.0,4.0,14.0,9.0,16.0
1314,14.0,13.0,7.0,12.0,7.0,15.0,5.0,14.0,9.0,17.0
1315,12.0,14.0,10.0,12.0,9.0,12.0,5.0,11.0,7.0,17.0
1316,13.0,14.0,10.0,12.0,11.0,12.0,6.0,14.0,5.0,17.0
1317,14.0,15.0,10.0,13.0,10.0,12.0,7.0,16.0,8.0,16.0
1318,10.0,14.0,9.0,12.0,9.0,11.0,6.0,12.0,5.0,14.0
1319,11.0,11.0,9.0,12.0,9.0,15.0,5.0,11.0,7.0,11.0
1320,12.0,9.0,6.0,13.0,9.0,13.0,4.0,11.0,6.0,11.0
1321,13.0,9.0,7.0,14.0,10.0,13.0,6.0,14.0,8.0,10.0
1322,15.0,9.0,10.0,14.0,13.0,13.0,4.0,14.0,11.0,13.0
1323,13.0,7.0,9.0,15.0,10.0,11.0,5.0,14.0,6.0,12.0
1324,10.0,10.0,9.0,15.0,14.0,10.0,3.0,12.0,4.0,10.0
1325,9.0,11.0,7.0,14.0,15.0,10.0,3.0,12.0,8.0,11.0
1326,10.0,13.0,11.0,15.0,17.0,14.0,3.0,12.0,7.0,12.0
1327,11.0,16.0,9.0,17.0,18.0,17.0,7.0,12.0,7.0,15.0
1328,9.0,11.0,7.0,12.0,14.0,14.0,10.0,10.0,6.0,13.0
1329,10.0,9.0,11.0,11.0,15.0,16.0,11.0,9.0,4.0,14.0
1330,8.0,8.0,10.0,13.0,11.0,15.0,15.0,11.0,2.0,15.0
1331,10.0,7.0,12.0,13.0,10.0,14.0,15.0,9.0,5.0,14.0
1332,11.0,10.0,16.0,14.0,8.0,15.0,16.0,10.0,5.0,14.0
1333,8.0,7.0,13.0,13.0,8.0,13.0,15.0,9.0,2.0,11.0
1334,7.0,6.0,13.0,13.0,9.0,11.0,14.0,8.0,2.0,11.0
1335,9.0,8.0,16.0,13.0,11.0,11.0,14.0,11.0,5.0,12.0
1336,9.0,7.0,17.0,16.0,10.0,12.0,13.0,9.0,5.0,14.0
1337,8.0,6.0,19.0,17.0,10.0,15.0,13.0,11.0,3.0,16.0
1338,11.0,6.0,18.0,15.0,11.0,12.0,9.0,7.0,4.0,14.0
1339,10.0,7.0,21.0,16.0,11.0,10.0,9.0,10.0,6.0,14.0
1340,11.0,6.0,19.0,16.0,11.0,14.0,10.0,11.0,4.0,13.0
1341,11.0,6.0,20.0,15.0,14.0,14.0,10.0,10.0,6.0,14.0
1342,12.0,6.0,20.0,16.0,13.0,18.0,13.0,11.0,7.0,13.0
1343,10.0,7.0,16.0,14.0,11.0,16.0,10.0,12.0,4.0,13.0
1344,9.0,6.0,13.0,13.0,13.0,16.0,8.0,12.0,5.0,13.0
1345,9.0,5.0,15.0,11.0,14.0,14.0,9.0,11.0,7.0,12.0
1346,11.0,8.0,15.0,12.0,15.0,13.0,9.0,13.0,6.0,11.0
1347,12.0,6.0,15.0,11.0,14.0,12.0,11.0,15.0,9.0,8.0
1348,9.0,7.0,14.0,8.0,14.0,10.0,11.0,16.0,9.0,8.0
1349,8.0,5.0,11.0,11.0,15.0,9.0,11.0,15.0,6.0,8.0
1350,10.0,7.0,11.0,11.0,14.0,8.0,12.0,13.0,6.0,8.0
1351,13.0,10.0,12.0,10.0,17.0,10.0,11.0,14.0,8.0,11.0
1352,13.0,9.0,13.0,11.0,17.0,11.0,10.0,13.0,10.0,11.0
1353,13.0,11.0,9.0,9.0,16.0,8.0,7.0,11.0,10.0,10.0
1354,13.0,11.0,13.0,11.0,14.0,7.0,9.0,12.0,11.0,11.0
1355,14.0,11.0,14.0,9.0,16.0,4.0,7.0,14.0,12.0,13.0
1356,13.0,7.0,16.0,11.0,15.0,3.0,8.0,12.0,14.0,13.0
1357,15.0,5.0,16.0,12.0,15.0,3.0,9.0,15.0,13.0,14.0
1358,10.0,4.0,13.0,11.0,14.0,5.0,10.0,13.0,12.0,12.0
1359,7.0,3.0,13.0,9.0,14.0,2.0,11.0,11.0,10.0,14.0
1360,9.0,4.0,12.0,11.0,12.0,3.0,14.0,14.0,10.0,14.0
1361,6.0,4.0,13.0,8.0,14.0,6.0,13.0,15.0,12.0,15.0
1362,7.0,4.0,11.0,9.0,15.0,10.0,14.0,12.0,15.0,15.0
1363,8.0,2.0,8.0,8.0,12.0,5.0,11.0,6.0,12.0,12.0
1364,7.0,2.0,10.0,7.0,10.0,6.0,10.0,4.0,13.0,12.0
1365,9.0,4.0,9.0,7.0,9.0,8.0,9.0,6.0,16.0,13.0
1366,13.0,3.0,9.0,8.0,7.0,7.0,10.0,4.0,16.0,13.0
1367,14.0,4.0,10.0,8.0,6.0,9.0,13.0,8.0,16.0,11.0
1368,12.0,2.0,7.0,5.0,5.0,3.0,10.0,9.0,13.0,11.0
1369,14.0,3.0,5.0,6.0,7.0,4.0,7.0,10.0,11.0,12.0
1370,17.0,4.0,5.0,9.0,7.0,4.0,8.0,8.0,11.0,14.0
1371,15.0,4.0,8.0,7.0,8.0,4.0,7.0,9.0,12.0,16.0
1372,16.0,3.0,10.0,6.0,12.0,8.0,7.0,9.0,13.0,16.0
1373,14.0,5.0,8.0,4.0,10.0,7.0,5.0,7.0,12.0,11.0
1374,14.0,5.0,10.0,1.0,9.0,11.0,5.0,5.0,14.0,11.0
1375,11.0,7.0,11.0,1.0,10.0,11.0,7.0,4.0,16.0,10.0
1376,11.0,5.0,10.0,2.0,8.0,12.0,6.0,5.0,15.0,11.0
1377,13.0,6.0,10.0,3.0,11.0,12.0,7.0,3.0,17.0,12.0
1378,9.0,3.0,10.0,3.0,7.0,11.0,9.0,5.0,14.0,10.0
1379,11.0,4.0,9.0,5.0,6.0,11.0,8.0,5.0,13.0,9.0
1380,14.0,5.0,8.0,6.0,7.0,10.0,8.0,4.0,11.0,9.0
1381,11.0,5.0,8.0,7.0,7.0,12.0,11.0,6.0,14.0,8.0
1382,10.0,5.0,9.0,5.0,6.0,11.0,12.0,6.0,19.0,9.0
1383,9.0,2.0,9.0,4.0,5.0,7.0,9.0,4.0,13.0,5.0
1384,10.0,5.0,8.0,6.0,7.0,8.0,8.0,7.0,12.0,5.0
1385,10.0,4.0,8.0,5.0,8.0,7.0,9.0,8.0,12.0,6.0
1386,11.0,5.0,9.0,8.0,8.0,9.0,11.0,6.0,13.0,8.0
1387,14.0,6.0,10.0,12.0,11.0,11.0,12.0,8.0,15.0,6.0
1388,13.0,7.0,12.0,7.0,6.0,13.0,10.0,5.0,14.0,4.0
1389,14.0,8.0,11.0,7.0,5.0,11.0,11.0,5.0,13.0,2.0
1390,14.0,10.0,14.0,6.0,7.0,10.0,13.0,7.0,13.0,3.0
1391,14.0,14.0,15.0,7.0,4.0,10.0,14.0,11.0,15.0,4.0
1392,15.0,13.0,16.0,10.0,7.0,10.0,14.0,12.0,16.0,5.0
1393,15.0,13.0,12.0,9.0,7.0,7.0,10.0,8.0,14.0,6.0
1394,16.0,13.0,12.0,8.0,5.0,5.0,15.0,7.0,12.0,6.0
1395,16.0,15.0,10.0,7.0,6.0,4.0,15.0,9.0,13.0,6.0
1396,16.0,16.0,11.0,4.0,6.0,7.0,15.0,10.0,13.0,5.0
1397,17.0,18.0,12.0,7.0,8.0,6.0,17.0,8.0,14.0,5.0
1398,17.0,15.0,11.0,7.0,6.0,3.0,17.0,8.0,12.0,5.0
1399,15.0,15.0,11.0,8.0,7.0,8.0,16.0,9.0,9.0,5.0
1400,15.0,16.0,13.0,9.0,9.0,5.0,15.0,9.0,8.0,6.0
1401,16.0,15.0,13.0,12.0,7.0,6.0,17.0,11.0,9.0,6.0
1402,18.0,17.0,12.0,13.0,9.0,8.0,18.0,13.0,11.0,6.0
1403,15.0,16.0,11.0,11.0,10.0,8.0,17.0,11.0,9.0,6.0
1404,16.0,14.0,10.0,11.0,9.0,5.0,18.0,12.0,9.0,7.0
1405,17.0,11.0,10.0,11.0,8.0,5.0,20.0,11.0,9.0,8.0
1406,17.0,13.0,13.0,11.0,5.0,7.0,22.0,10.0,10.0,10.0
1407,19.0,13.0,15.0,10.0,6.0,5.0,21.0,10.0,12.0,10.0
1408,16.0,8.0,12.0,9.0,4.0,4.0,18.0,9.0,8.0,7.0
1409,15.0,8.0,12.0,9.0,6.0,6.0,17.0,9.0,8.0,9.0
1410,12.0,8.0,12.0,7.0,7.0,7.0,15.0,10.0,6.0,10.0
1411,12.0,9.0,13.0,8.0,10.0,10.0,15.0,11.0,7.0,10.0
1412,10.0,9.0,14.0,11.0,10.0,10.0,14.0,12.0,9.0,12.0
1413,8.0,6.0,11.0,9.0,7.0,5.0,10.0,11.0,12.0,11.0
1414,13.0,6.0,10.0,12.0,7.0,2.0,9.0,12.0,11.0,11.0
1415,12.0,5.0,5.0,15.0,6.0,2.0,9.0,13.0,12.0,14.0
1416,13.0,6.0,6.0,18.0,6.0,3.0,9.0,12.0,15.0,12.0
1417,15.0,7.0,6.0,18.0,7.0,5.0,8.0,13.0,13.0,12.0
1418,17.0,4.0,7.0,14.0,9.0,4.0,11.0,11.0,11.0,9.0
1419,14.0,4.0,9.0,11.0,9.0,5.0,7.0,9.0,11.0,8.0
1420,14.0,5.0,8.0,10.0,11.0,5.0,7.0,9.0,10.0,9.0
1421,17.0,4.0,9.0,11.0,13.0,6.0,9.0,8.0,10.0,11.0
1422,17.0,3.0,12.0,12.0,12.0,9.0,8.0,10.0,10.0,13.0
1423,13.0,3.0,9.0,10.0,12.0,10.0,4.0,10.0,8.0,12.0
1424,12.0,5.0,8.0,10.0,12.0,10.0,7.0,10.0,9.0,13.0
1425,10.0,3.0,6.0,12.0,13.0,8.0,10.0,11.0,9.0,13.0
1426,6.0,6.0,7.0,12.0,14.0,9.0,17.0,13.0,11.0,14.0
1427,8.0,5.0,12.0,11.0,14.0,10.0,19.0,14.0,13.0,14.0
1428,7.0,5.0,9.0,12.0,10.0,9.0,14.0,12.0,10.0,15.0
1429,8.0,4.0,6.0,12.0,7.0,11.0,12.0,12.0,10.0,16.0
1430,4.0,7.0,7.0,13.0,7.0,13.0,11.0,13.0,9.0,15.0
1431,7.0,5.0,4.0,15.0,6.0,14.0,13.0,14.0,10.0,19.0
1432,7.0,5.0,6.0,15.0,5.0,18.0,13.0,14.0,9.0,16.0
1433,6.0,6.0,3.0,12.0,8.0,16.0,10.0,12.0,4.0,13.0
1434,8.0,6.0,6.0,14.0,6.0,16.0,11.0,9.0,7.0,13.0
1435,8.0,6.0,9.0,13.0,5.0,15.0,13.0,7.0,6.0,14.0
1436,7.0,6.0,8.0,12.0,5.0,15.0,15.0,7.0,6.0,17.0
1437,7.0,7.0,8.0,11.0,7.0,16.0,15.0,9.0,9.0,16.0
1438,5.0,7.0,5.0,9.0,6.0,13.0,10.0,4.0,6.0,13.0
1439,4.0,7.0,7.0,7.0,7.0,10.0,7.0,6.0,3.0,14.0
1440,8.0,11.0,6.0,5.0,7.0,8.0,8.0,7.0,1.0,14.0
1441,8.0,14.0,5.0,6.0,11.0,8.0,9.0,6.0,1.0,18.0
1442,9.0,15.0,7.0,6.0,11.0,10.0,9.0,5.0,1.0,18.0
1443,8.0,14.0,4.0,5.0,10.0,9.0,7.0,2.0,1.0,18.0
1444,10.0,15.0,7.0,6.0,12.0,12.0,7.0,2.0,1.0,15.0
1445,12.0,17.0,9.0,6.0,11.0,12.0,8.0,5.0,4.0,16.0
1446,12.0,17.0,7.0,5.0,12.0,13.0,10.0,5.0,5.0,18.0
1447,15.0,17.0,7.0,6.0,12.0,15.0,8.0,7.0,4.0,19.0
1448,10.0,14.0,9.0,3.0,12.0,10.0,6.0,6.0,5.0,15.0
1449,10.0,12.0,11.0,3.0,12.0,10.0,6.0,8.0,3.0,13.0
1450,12.0,15.0,10.0,2.0,15.0,11.0,5.0,9.0,3.0,14.0
1451,14.0,14.0,13.0,4.0,13.0,13.0,2.0,7.0,5.0,13.0
1452,14.0,13.0,12.0,6.0,13.0,16.0,4.0,9.0,3.0,15.0
1453,9.0,11.0,12.0,4.0,11.0,13.0,3.0,7.0,4.0,13.0
1454,7.0,10.0,12.0,7.0,10.0,16.0,6.0,11.0,2.0,12.0
1455,9.0,10.0,16.0,7.0,7.0,13.0,5.0,10.0,4.0,12.0
1456,11.0,9.0,16.0,6.0,8.0,12.0,5.0,10.0,3.0,14.0
1457,11.0,9.0,17.0,8.0,10.0,12.0,7.0,10.0,5.0,15.0
1458,12.0,6.0,17.0,6.0,12.0,11.0,7.0,9.0,5.0,15.0
1459,14.0,6.0,16.0,6.0,14.0,10.0,6.0,8.0,7.0,13.0
1460,14.0,3.0,17.0,4.0,16.0,10.0,8.0,7.0,4.0,13.0
1461,14.0,5.0,17.0,7.0,17.0,11.0,10.0,8.0,6.0,14.0
1462,16.0,10.0,18.0,8.0,17.0,11.0,10.0,8.0,6.0,15.0
1463,12.0,7.0,17.0,8.0,17.0,8.0,8.0,9.0,2.0,14.0
1464,11.0,8.0,18.0,8.0,17.0,8.0,10.0,10.0,5.0,14.0
1465,11.0,9.0,21.0,9.0,16.0,6.0,10.0,12.0,6.0,13.0
1466,16.0,11.0,20.0,9.0,17.0,6.0,13.0,10.0,8.0,11.0
1467,16.0,11.0,20.0,8.0,17.0,7.0,12.0,9.0,10.0,15.0
1468,15.0,9.0,18.0,7.0,15.0,8.0,14.0,8.0,9.0,14.0
1469,13.0,10.0,16.0,8.0,13.0,10.0,11.0,6.0,11.0,14.0
1470,14.0,9.0,16.0,7.0,14.0,10.0,13.0,7.0,11.0,13.0
1471,14.0,8.0,13.0,9.0,14.0,12.0,13.0,7.0,12.0,14.0
1472,15.0,11.0,12.0,11.0,15.0,12.0,13.0,8.0,11.0,16.0
1473,13.0,9.0,8.0,9.0,13.0,10.0,12.0,10.0,10.0,12.0
1474,11.0,10.0,11.0,11.0,11.0,10.0,10.0,9.0,12.0,13.0
1475,11.0,10.0,11.0,11.0,9.0,8.0,9.0,11.0,15.0,13.0
1476,11.0,11.0,10.0,13.0,8.0,9.0,9.0,11.0,16.0,14.0
1477,12.0,10.0,11.0,15.0,7.0,10.0,9.0,13.0,16.0,15.0
1478,9.0,8.0,11.0,11.0,6.0,7.0,7.0,12.0,14.0,10.0
1479,10.0,9.0,10.0,10.0,4.0,9.0,9.0,13.0,14.0,11.0
1480,11.0,11.0,10.0,10.0,5.0,10.0,11.0,15.0,11.0,14.0
1481,12.0,14.0,13.0,9.0,4.0,11.0,12.0,18.0,13.0,10.0
1482,13.0,16.0,15.0,10.0,4.0,11.0,18.0,17.0,15.0,12.0
1483,12.0,13.0,11.0,7.0,7.0,10.0,15.0,13.0,16.0,10.0
1484,11.0,16.0,10.0,8.0,4.0,9.0,16.0,12.0,18.0,8.0
1485,11.0,14.0,12.0,10.0,5.0,10.0,16.0,14.0,22.0,8.0
1486,12.0,16.0,11.0,11.0,5.0,9.0,15.0,14.0,22.0,12.0
1487,12.0,17.0,10.0,11.0,7.0,8.0,12.0,17.0,21.0,14.0
1488,15.0,14.0,10.0,8.0,6.0,9.0,8.0,13.0,16.0,11.0
1489,16.0,10.0,11.0,7.0,7.0,9.0,8.0,13.0,14.0,9.0
1490,18.0,9.0,11.0,7.0,7.0,9.0,7.0,11.0,12.0,8.0
1491,20.0,7.0,12.0,7.0,6.0,7.0,7.0,11.0,10.0,10.0
1492,20.0,11.0,13.0,9.0,7.0,7.0,7.0,14.0,9.0,9.0
1493,15.0,11.0,15.0,5.0,5.0,6.0,7.0,13.0,6.0,9.0
1494,12.0,13.0,14.0,5.0,4.0,9.0,8.0,13.0,7.0,9.0
1495,11.0,14.0,11.0,5.0,4.0,7.0,7.0,14.0,7.0,9.0
1496,9.0,14.0,11.0,4.0,7.0,7.0,8.0,14.0,10.0,11.0
1497,10.0,14.0,11.0,2.0,7.0,7.0,10.0,15.0,11.0,10.0
1498,10.0,14.0,10.0,3.0,5.0,6.0,12.0,13.0,9.0,10.0
1499,10.0,15.0,7.0,2.0,7.0,6.0,14.0,13.0,8.0,9.0
1500,12.0,13.0,7.0,4.0,7.0,8.0,15.0,12.0,7.0,11.0
1501,13.0,14.0,10.0,3.0,9.0,8.0,16.0,12.0,7.0,10.0
1502,15.0,14.0,11.0,4.0,12.0,5.0,16.0,11.0,8.0,10.0
1503,13.0,11.0,11.0,4.0,10.0,6.0,14.0,8.0,7.0,10.0
1504,13.0,12.0,12.0,6.0,9.0,4.0,14.0,10.0,7.0,8.0
1505,13.0,12.0,15.0,7.0,9.0,6.0,13.0,11.0,10.0,8.0
1506,15.0,12.0,10.0,9.0,13.0,6.0,12.0,10.0,10.0,10.0
1507,17.0,12.0,9.0,8.0,15.0,7.0,14.0,13.0,9.0,8.0
1508,13.0,11.0,6.0,9.0,15.0,7.0,9.0,11.0,8.0,10.0
1509,13.0,12.0,4.0,10.0,15.0,9.0,9.0,7.0,7.0,9.0
1510,13.0,13.0,6.0,10.0,18.0,10.0,8.0,5.0,6.0,11.0
1511,11.0,14.0,8.0,13.0,19.0,11.0,5.0,9.0,7.0,11.0
1512,12.0,14.0,8.0,14.0,20.0,11.0,6.0,10.0,8.0,13.0
1513,10.0,10.0,8.0,14.0,20.0,12.0,5.0,9.0,6.0,13.0
1514,8.0,10.0,10.0,12.0,15.0,11.0,8.0,12.0,8.0,12.0
1515,10.0,10.0,11.0,16.0,13.0,10.0,7.0,12.0,10.0,11.0
1516,11.0,8.0,13.0,15.0,11.0,11.0,11.0,14.0,12.0,13.0
1517,12.0,8.0,16.0,19.0,9.0,11.0,13.0,14.0,13.0,13.0
1518,8.0,6.0,12.0,18.0,7.0,11.0,11.0,14.0,10.0,12.0
1519,9.0,6.0,10.0,18.0,6.0,13.0,11.0,12.0,9.0,12.0
1520,11.0,7.0,9.0,17.0,5.0,11.0,12.0,9.0,7.0,12.0
1521,11.0,9.0,11.0,20.0,6.0,16.0,10.0,8.0,6.0,13.0
1522,12.0,8.0,10.0,22.0,4.0,18.0,10.0,10.0,5.0,13.0
1523,10.0,6.0,10.0,17.0,5.0,20.0,9.0,5.0,2.0,12.0
1524,9.0,7.0,6.0,15.0,4.0,17.0,11.0,6.0,2.0,11.0
1525,10.0,10.0,7.0,15.0,3.0,15.0,12.0,6.0,4.0,11.0
1526,11.0,10.0,7.0,12.0,5.0,12.0,13.0,9.0,7.0,12.0
1527,12.0,7.0,9.0,11.0,5.0,13.0,13.0,11.0,6.0,13.0
1528,9.0,5.0,11.0,8.0,5.0,11.0,10.0,8.0,5.0,13.0
1529,8.0,4.0,8.0,8.0,3.0,13.0,9.0,9.0,3.0,11.0
1530,10.0,2.0,7.0,8.0,5.0,14.0,11.0,11.0,3.0,12.0
1531,11.0,4.0,10.0,8.0,7.0,17.0,10.0,13.0,3.0,13.0
1532,11.0,6.0,9.0,9.0,9.0,17.0,10.0,14.0,3.0,11.0
1533,9.0,6.0,4.0,5.0,8.0,17.0,11.0,16.0,1.0,9.0
1534,10.0,10.0,4.0,6.0,8.0,15.0,11.0,15.0,2.0,9.0
1535,10.0,9.0,5.0,7.0,10.0,12.0,13.0,17.0,3.0,12.0
1536,12.0,11.0,7.0,7.0,9.0,13.0,14.0,15.0,2.0,14.0
1537,13.0,11.0,7.0,8.0,10.0,13.0,12.0,16.0,2.0,17.0
1538,8.0,10.0,5.0,5.0,11.0,12.0,11.0,12.0,3.0,15.0
1539,9.0,8.0,3.0,4.0,9.0,13.0,11.0,11.0,4.0,11.0
1540,8.0,9.0,2.0,4.0,10.0,12.0,16.0,11.0,4.0,11.0
1541,11.0,9.0,1.0,7.0,10.0,14.0,16.0,12.0,5.0,10.0
1542,13.0,10.0,2.0,6.0,13.0,13.0,17.0,13.0,7.0,9.0
1543,14.0,10.0,4.0,6.0,13.0,11.0,12.0,13.0,5.0,9.0
1544,13.0,8.0,7.0,6.0,12.0,12.0,10.0,13.0,5.0,9.0
1545,12.0,8.0,6.0,8.0,12.0,10.0,12.0,13.0,5.0,10.0
1546,13.0,10.0,7.0,7.0,11.0,13.0,13.0,13.0,4.0,12.0
1547,16.0,14.0,6.0,7.0,12.0,15.0,14.0,14.0,8.0,13.0
1548,13.0,12.0,4.0,7.0,6.0,14.0,13.0,11.0,5.0,12.0
1549,13.0,9.0,3.0,8.0,4.0,14.0,14.0,9.0,6.0,11.0
1550,16.0,8.0,2.0,8.0,4.0,17.0,13.0,7.0,6.0,12.0
1551,16.0,5.0,4.0,9.0,6.0,18.0,15.0,7.0,8.0,12.0
1552,16.0,5.0,6.0,9.0,7.0,19.0,18.0,6.0,8.0,9.0
1553,13.0,5.0,5.0,8.0,5.0,17.0,17.0,3.0,5.0,12.0
1554,10.0,9.0,7.0,13.0,5.0,18.0,17.0,4.0,4.0,9.0
1555,11.0,13.0,7.0,12.0,5.0,19.0,16.0,5.0,6.0,10.0
1556,13.0,13.0,6.0,12.0,4.0,17.0,17.0,5.0,8.0,11.0
1557,12.0,13.0,5.0,13.0,5.0,16.0,17.0,7.0,8.0,11.0
1558,8.0,12.0,4.0,11.0,5.0,14.0,16.0,7.0,7.0,10.0
1559,6.0,9.0,3.0,13.0,5.0,15.0,15.0,8.0,8.0,10.0
1560,8.0,9.0,3.0,12.0,6.0,13.0,16.0,8.0,7.0,10.0
1561,5.0,13.0,7.0,12.0,7.0,13.0,18.0,9.0,9.0,11.0
1562,6.0,13.0,8.0,14.0,9.0,14.0,23.0,10.0,12.0,12.0
1563,6.0,11.0,5.0,8.0,4.0,14.0,19.0,7.0,11.0,12.0
1564,7.0,12.0,6.0,9.0,4.0,13.0,14.0,6.0,13.0,12.0
1565,6.0,13.0,4.0,9.0,3.0,12.0,17.0,7.0,15.0,13.0
1566,7.0,14.0,4.0,6.0,4.0,11.0,19.0,8.0,14.0,12.0
1567,10.0,14.0,4.0,5.0,6.0,14.0,19.0,8.0,16.0,14.0
1568,8.0,11.0,2.0,3.0,7.0,13.0,15.0,8.0,14.0,14.0
1569,7.0,9.0,3.0,2.0,6.0,14.0,15.0,9.0,13.0,11.0
1570,7.0,8.0,4.0,2.0,7.0,15.0,17.0,7.0,14.0,10.0
1571,6.0,11.0,7.0,2.0,7.0,15.0,15.0,10.0,16.0,12.0
1572,6.0,10.0,8.0,3.0,7.0,15.0,15.0,9.0,16.0,8.0
1573,7.0,10.0,7.0,4.0,7.0,16.0,16.0,9.0,13.0,9.0
1574,5.0,11.0,5.0,7.0,7.0,13.0,12.0,6.0,15.0,10.0
1575,7.0,15.0,7.0,6.0,9.0,15.0,11.0,8.0,18.0,9.0
1576,11.0,13.0,6.0,4.0,13.0,14.0,11.0,6.0,17.0,10.0
1577,10.0,12.0,7.0,6.0,10.0,14.0,16.0,7.0,15.0,9.0
1578,9.0,11.0,6.0,4.0,7.0,9.0,13.0,8.0,13.0,6.0
1579,9.0,9.0,7.0,0.0,7.0,7.0,13.0,8.0,12.0,7.0
1580,10.0,8.0,8.0,1.0,8.0,8.0,12.0,9.0,12.0,8.0
1581,15.0,7.0,10.0,2.0,8.0,11.0,13.0,12.0,14.0,9.0
1582,14.0,6.0,10.0,2.0,10.0,10.0,13.0,12.0,14.0,10.0
1583,13.0,6.0,8.0,1.0,9.0,7.0,11.0,10.0,13.0,11.0
1584,16.0,7.0,7.0,7.0,8.0,5.0,11.0,10.0,11.0,13.0
1585,13.0,10.0,10.0,8.0,8.0,7.0,8.0,11.0,13.0,14.0
1586,12.0,9.0,10.0,7.0,7.0,6.0,11.0,11.0,11.0,15.0
1587,11.0,12.0,10.0,6.0,8.0,7.0,12.0,12.0,11.0,16.0
1588,11.0,10.0,11.0,5.0,9.0,5.0,8.0,9.0,7.0,17.0
1589,11.0,11.0,9.0,5.0,9.0,5.0,8.0,5.0,5.0,15.0
1590,10.0,9.0,9.0,4.0,10.0,7.0,8.0,6.0,5.0,14.0
1591,10.0,9.0,10.0,6.0,11.0,8.0,9.0,6.0,8.0,13.0
1592,10.0,9.0,10.0,9.0,11.0,10.0,11.0,8.0,7.0,13.0
1593,9.0,8.0,10.0,8.0,9.0,7.0,9.0,7.0,7.0,14.0
1594,8.0,11.0,11.0,9.0,12.0,8.0,10.0,9.0,7.0,14.0
1595,9.0,14.0,11.0,10.0,10.0,8.0,12.0,11.0,8.0,15.0
1596,7.0,15.0,11.0,11.0,13.0,11.0,13.0,14.0,7.0,15.0
1597,9.0,14.0,10.0,13.0,14.0,11.0,16.0,16.0,8.0,18.0
1598,7.0,12.0,10.0,15.0,12.0,11.0,11.0,14.0,9.0,15.0
1599,8.0,11.0,8.0,16.0,11.0,12.0,10.0,15.0,5.0,15.0
1600,12.0,8.0,9.0,17.0,10.0,14.0,8.0,14.0,3.0,15.0
1601,11.0,8.0,10.0,18.0,11.0,14.0,10.0,14.0,2.0,17.0
1602,12.0,10.0,11.0,22.0,14.0,13.0,11.0,14.0,3.0,18.0
1603,8.0,9.0,9.0,16.0,11.0,9.0,9.0,13.0,4.0,12.0
1604,9.0,8.0,9.0,18.0,12.0,9.0,5.0,12.0,5.0,9.0
1605,8.0,7.0,9.0,18.0,9.0,8.0,5.0,9.0,7.0,10.0
1606,9.0,10.0,10.0,19.0,8.0,8.0,6.0,12.0,9.0,8.0
1607,12.0,10.0,10.0,21.0,8.0,8.0,9.0,10.0,9.0,10.0
1608,9.0,10.0,7.0,19.0,10.0,6.0,12.0,10.0,9.0,10.0
1609,9.0,8.0,5.0,19.0,12.0,6.0,14.0,11.0,7.0,9.0
1610,11.0,8.0,0.0,16.0,14.0,11.0,14.0,10.0,6.0,9.0
1611,11.0,10.0,0.0,17.0,15.0,10.0,14.0,11.0,6.0,12.0
1612,13.0,11.0,3.0,15.0,15.0,10.0,14.0,11.0,6.0,11.0
1613,11.0,9.0,4.0,12.0,12.0,8.0,13.0,10.0,5.0,11.0
1614,9.0,9.0,4.0,13.0,12.0,6.0,10.0,12.0,2.0,12.0
1615,6.0,9.0,6.0,15.0,9.0,6.0,9.0,14.0,4.0,13.0
1616,6.0,7.0,9.0,16.0,10.0,7.0,8.0,14.0,6.0,12.0
1617,8.0,7.0,10.0,14.0,9.0,7.0,9.0,14.0,5.0,13.0
1618,6.0,9.0,6.0,12.0,5.0,4.0,7.0,14.0,3.0,11.0
1619,7.0,8.0,6.0,9.0,6.0,8.0,8.0,14.0,4.0,12.0
1620,9.0,7.0,3.0,10.0,6.0,9.0,8.0,14.0,4.0,8.0
1621,10.0,8.0,6.0,9.0,7.0,6.0,11.0,14.0,7.0,9.0
1622,11.0,10.0,7.0,10.0,8.0,10.0,13.0,17.0,7.0,7.0
1623,11.0,8.0,6.0,11.0,5.0,6.0,9.0,13.0,5.0,6.0
1624,12.0,8.0,8.0,9.0,2.0,7.0,10.0,13.0,5.0,8.0
1625,12.0,10.0,10.0,13.0,2.0,6.0,9.0,14.0,6.0,9.0
1626,13.0,11.0,11.0,12.0,5.0,7.0,9.0,17.0,5.0,10.0
1627,16.0,14.0,11.0,12.0,4.0,8.0,7.0,19.0,7.0,12.0
1628,14.0,14.0,8.0,12.0,4.0,8.0,3.0,13.0,5.0,13.0
1629,13.0,12.0,9.0,11.0,4.0,11.0,3.0,13.0,7.0,14.0
1630,13.0,15.0,11.0,10.0,4.0,10.0,3.0,13.0,4.0,14.0
1631,13.0,18.0,10.0,12.0,5.0,12.0,4.0,13.0,5.0,16.0
1632,15.0,17.0,12.0,14.0,4.0,13.0,3.0,13.0,6.0,15.0
1633,12.0,14.0,10.0,11.0,5.0,11.0,4.0,10.0,5.0,13.0
1634,13.0,15.0,11.0,12.0,7.0,11.0,5.0,10.0,3.0,11.0
1635,10.0,15.0,14.0,15.0,8.0,11.0,7.0,10.0,5.0,12.0
1636,11.0,14.0,12.0,14.0,8.0,13.0,7.0,12.0,7.0,12.0
1637,11.0,15.0,10.0,15.0,8.0,15.0,7.0,12.0,7.0,11.0
1638,11.0,14.0,8.0,14.0,7.0,16.0,9.0,12.0,8.0,12.0
1639,14.0,14.0,8.0,15.0,6.0,16.0,8.0,11.0,9.0,11.0
1640,12.0,13.0,8.0,15.0,6.0,18.0,10.0,11.0,8.0,12.0
1641,13.0,12.0,9.0,15.0,8.0,19.0,9.0,13.0,10.0,12.0
1642,13.0,12.0,12.0,15.0,9.0,18.0,9.0,12.0,11.0,14.0
1643,13.0,11.0,10.0,12.0,6.0,15.0,7.0,11.0,11.0,11.0
1644,13.0,9.0,10.0,13.0,10.0,13.0,7.0,12.0,12.0,10.0
1645,11.0,10.0,11.0,12.0,10.0,12.0,7.0,12.0,14.0,10.0
1646,13.0,8.0,11.0,14.0,10.0,15.0,9.0,14.0,13.0,12.0
1647,14.0,9.0,10.0,15.0,10.0,16.0,10.0,13.0,14.0,14.0
1648,11.0,7.0,10.0,10.0,8.0,12.0,8.0,14.0,12.0,11.0
1649,11.0,6.0,5.0,9.0,11.0,13.0,11.0,13.0,11.0,9.0
1650,15.0,8.0,5.0,7.0,10.0,15.0,10.0,14.0,10.0,10.0
1651,13.0,9.0,5.0,7.0,13.0,15.0,11.0,13.0,7.0,11.0
1652,14.0,10.0,6.0,8.0,13.0,17.0,12.0,15.0,9.0,13.0
1653,10.0,7.0,6.0,5.0,11.0,18.0,9.0,11.0,9.0,12.0
1654,12.0,8.0,6.0,7.0,12.0,17.0,8.0,12.0,10.0,9.0
1655,10.0,7.0,10.0,6.0,15.0,15.0,8.0,11.0,12.0,11.0
1656,11.0,8.0,11.0,7.0,15.0,15.0,11.0,12.0,15.0,11.0
1657,11.0,8.0,11.0,6.0,15.0,13.0,11.0,13.0,17.0,10.0
1658,8.0,8.0,8.0,4.0,15.0,10.0,11.0,15.0,14.0,8.0
1659,9.0,7.0,8.0,2.0,14.0,9.0,12.0,13.0,12.0,7.0
1660,12.0,10.0,7.0,1.0,14.0,10.0,12.0,13.0,12.0,8.0
1661,11.0,11.0,6.0,1.0,15.0,10.0,12.0,13.0,13.0,9.0
1662,12.0,12.0,6.0,3.0,14.0,13.0,14.0,15.0,12.0,8.0
1663,8.0,11.0,5.0,3.0,10.0,13.0,12.0,17.0,9.0,7.0
1664,8.0,11.0,7.0,4.0,7.0,13.0,12.0,15.0,5.0,8.0
1665,8.0,13.0,8.0,6.0,10.0,16.0,13.0,14.0,4.0,9.0
1666,8.0,14.0,7.0,7.0,10.0,17.0,16.0,15.0,4.0,8.0
1667,6.0,12.0,8.0,7.0,12.0,16.0,16.0,14.0,2.0,8.0
1668,6.0,11.0,7.0,7.0,11.0,11.0,12.0,13.0,3.0,9.0
1669,6.0,10.0,7.0,4.0,11.0,10.0,14.0,12.0,6.0,7.0
1670,4.0,8.0,5.0,4.0,9.0,11.0,15.0,13.0,7.0,7.0
1671,4.0,7.0,10.0,3.0,8.0,7.0,15.0,13.0,8.0,8.0
1672,4.0,8.0,8.0,2.0,11.0,8.0,17.0,13.0,9.0,8.0
1673,3.0,7.0,8.0,2.0,11.0,5.0,17.0,12.0,8.0,7.0
1674,4.0,11.0,12.0,4.0,12.0,3.0,16.0,12.0,7.0,8.0
1675,2.0,16.0,12.0,2.0,14.0,2.0,17.0,13.0,8.0,8.0
1676,4.0,17.0,10.0,3.0,14.0,5.0,19.0,15.0,9.0,5.0
1677,5.0,19.0,10.0,2.0,11.0,4.0,19.0,15.0,9.0,5.0
1678,2.0,17.0,9.0,0.0,7.0,7.0,18.0,14.0,5.0,2.0
1679,7.0,17.0,10.0,2.0,6.0,4.0,17.0,11.0,4.0,2.0
1680,8.0,17.0,8.0,3.0,5.0,6.0,19.0,10.0,6.0,1.0
1681,7.0,17.0,8.0,5.0,7.0,8.0,18.0,9.0,8.0,2.0
1682,8.0,16.0,9.0,5.0,7.0,8.0,16.0,9.0,8.0,5.0
1683,6.0,14.0,8.0,3.0,9.0,6.0,13.0,7.0,4.0,4.0
1684,6.0,14.0,11.0,4.0,12.0,6.0,10.0,8.0,6.0,4.0
1685,4.0,18.0,15.0,3.0,15.0,7.0,8.0,9.0,6.0,3.0
1686,3.0,18.0,13.0,4.0,15.0,7.0,11.0,11.0,5.0,5.0
1687,7.0,18.0,14.0,5.0,16.0,7.0,14.0,12.0,4.0,4.0
1688,4.0,19.0,15.0,4.0,14.0,9.0,12.0,13.0,2.0,3.0
1689,5.0,16.0,14.0,5.0,12.0,8.0,15.0,14.0,4.0,4.0
1690,8.0,13.0,15.0,8.0,12.0,12.0,15.0,14.0,7.0,5.0
1691,5.0,15.0,14.0,7.0,15.0,12.0,14.0,15.0,7.0,4.0
1692,6.0,17.0,14.0,9.0,16.0,12.0,15.0,13.0,7.0,4.0
1693,7.0,15.0,10.0,10.0,15.0,6.0,16.0,12.0,6.0,2.0
1694,6.0,15.0,11.0,11.0,14.0,7.0,13.0,11.0,6.0,2.0
1695,5.0,18.0,10.0,12.0,15.0,8.0,11.0,12.0,6.0,2.0
1696,6.0,15.0,11.0,12.0,13.0,8.0,11.0,11.0,7.0,5.0
1697,8.0,13.0,10.0,12.0,12.0,9.0,10.0,12.0,11.0,6.0
1698,9.0,12.0,8.0,11.0,11.0,9.0,5.0,12.0,7.0,8.0
1699,11.0,10.0,7.0,11.0,11.0,8.0,6.0,9.0,6.0,5.0
1700,11.0,10.0,6.0,15.0,12.0,10.0,5.0,11.0,5.0,5.0
1701,11.0,12.0,8.0,10.0,13.0,12.0,6.0,12.0,7.0,6.0
1702,11.0,14.0,8.0,10.0,12.0,14.0,8.0,12.0,8.0,5.0
1703,10.0,11.0,9.0,9.0,12.0,13.0,5.0,9.0,7.0,5.0
1704,10.0,12.0,7.0,9.0,13.0,13.0,4.0,9.0,10.0,6.0
1705,11.0,12.0,9.0,11.0,15.0,14.0,2.0,8.0,11.0,7.0
1706,8.0,15.0,12.0,13.0,12.0,15.0,3.0,8.0,10.0,8.0
1707,10.0,18.0,11.0,15.0,11.0,16.0,3.0,10.0,12.0,6.0
1708,9.0,15.0,10.0,13.0,11.0,16.0,3.0,8.0,9.0,6.0
1709,10.0,14.0,6.0,12.0,8.0,14.0,2.0,9.0,10.0,8.0
1710,10.0,14.0,5.0,11.0,8.0,13.0,4.0,9.0,10.0,7.0
1711,12.0,18.0,5.0,13.0,9.0,15.0,3.0,9.0,11.0,9.0
1712,15.0,17.0,4.0,16.0,9.0,16.0,5.0,8.0,13.0,9.0
1713,14.0,13.0,1.0,13.0,9.0,14.0,3.0,7.0,11.0,10.0
1714,15.0,14.0,3.0,13.0,12.0,15.0,3.0,7.0,11.0,11.0
1715,12.0,15.0,4.0,13.0,11.0,16.0,4.0,5.0,11.0,12.0
1716,12.0,15.0,2.0,13.0,10.0,16.0,3.0,7.0,14.0,15.0
1717,10.0,19.0,3.0,15.0,8.0,15.0,4.0,7.0,15.0,17.0
1718,9.0,16.0,2.0,14.0,9.0,11.0,5.0,4.0,14.0,14.0
1719,10.0,16.0,2.0,12.0,9.0,12.0,3.0,3.0,15.0,16.0
1720,10.0,18.0,4.0,9.0,8.0,12.0,7.0,4.0,12.0,16.0
1721,13.0,18.0,4.0,12.0,9.0,15.0,8.0,7.0,13.0,17.0
1722,14.0,19.0,4.0,10.0,9.0,15.0,8.0,6.0,15.0,15.0
1723,14.0,17.0,3.0,5.0,8.0,14.0,7.0,7.0,12.0,15.0
1724,13.0,17.0,4.0,6.0,7.0,14.0,8.0,9.0,10.0,13.0
1725,13.0,18.0,5.0,6.0,4.0,14.0,8.0,9.0,9.0,12.0
1726,13.0,17.0,4.0,8.0,6.0,14.0,9.0,10.0,10.0,11.0
1727,13.0,18.0,4.0,6.0,8.0,14.0,10.0,11.0,10.0,12.0
1728,12.0,17.0,5.0,7.0,3.0,11.0,6.0,8.0,7.0,10.0
1729,13.0,19.0,5.0,3.0,3.0,12.0,5.0,6.0,7.0,9.0
1730,15.0,17.0,6.0,6.0,6.0,12.0,6.0,4.0,7.0,8.0
1731,18.0,17.0,7.0,8.0,5.0,10.0,8.0,1.0,6.0,10.0
1732,18.0,17.0,9.0,8.0,4.0,9.0,6.0,2.0,10.0,10.0
1733,15.0,12.0,7.0,7.0,6.0,8.0,4.0,1.0,7.0,5.0
1734,12.0,12.0,7.0,9.0,7.0,8.0,5.0,2.0,8.0,6.0
1735,10.0,12.0,8.0,10.0,6.0,7.0,4.0,3.0,10.0,5.0
1736,11.0,13.0,8.0,10.0,7.0,9.0,7.0,5.0,10.0,6.0
1737,9.0,15.0,6.0,12.0,7.0,8.0,6.0,7.0,11.0,7.0
1738,6.0,12.0,2.0,11.0,5.0,9.0,5.0,9.0,12.0,7.0
1739,8.0,12.0,4.0,8.0,5.0,8.0,5.0,9.0,13.0,8.0
1740,10.0,10.0,5.0,4.0,6.0,9.0,7.0,12.0,12.0,9.0
1741,11.0,14.0,8.0,5.0,3.0,9.0,8.0,10.0,13.0,11.0
1742,10.0,13.0,12.0,5.0,3.0,8.0,8.0,11.0,14.0,12.0
1743,8.0,13.0,11.0,5.0,1.0,9.0,9.0,6.0,12.0,10.0
1744,6.0,14.0,11.0,7.0,3.0,10.0,8.0,5.0,13.0,9.0
1745,6.0,17.0,12.0,10.0,2.0,8.0,6.0,6.0,14.0,10.0
1746,6.0,15.0,15.0,14.0,5.0,8.0,10.0,6.0,14.0,9.0
1747,7.0,15.0,15.0,12.0,7.0,9.0,11.0,9.0,14.0,14.0
1748,7.0,13.0,9.0,10.0,6.0,6.0,10.0,7.0,13.0,10.0
1749,5.0,13.0,8.0,8.0,6.0,7.0,12.0,8.0,13.0,10.0
1750,9.0,9.0,10.0,11.0,7.0,10.0,16.0,10.0,13.0,9.0
1751,8.0,9.0,9.0,12.0,6.0,10.0,16.0,10.0,12.0,9.0
1752,5.0,8.0,8.0,13.0,6.0,10.0,15.0,11.0,12.0,11.0
1753,3.0,8.0,5.0,9.0,4.0,10.0,14.0,9.0,9.0,11.0
1754,5.0,9.0,3.0,8.0,2.0,8.0,13.0,10.0,10.0,14.0
1755,5.0,12.0,5.0,8.0,2.0,8.0,14.0,12.0,12.0,13.0
1756,7.0,12.0,6.0,11.0,3.0,10.0,14.0,14.0,13.0,14.0
1757,6.0,12.0,9.0,15.0,3.0,15.0,16.0,15.0,12.0,16.0
1758,3.0,11.0,6.0,10.0,2.0,12.0,11.0,14.0,10.0,16.0
1759,3.0,11.0,7.0,9.0,4.0,10.0,9.0,13.0,9.0,17.0
1760,4.0,12.0,9.0,10.0,6.0,12.0,8.0,14.0,7.0,16.0
1761,6.0,12.0,9.0,10.0,5.0,10.0,11.0,10.0,9.0,17.0
1762,7.0,14.0,12.0,14.0,4.0,13.0,8.0,10.0,7.0,16.0
1763,6.0,9.0,10.0,11.0,5.0,9.0,8.0,9.0,5.0,12.0
1764,5.0,9.0,14.0,13.0,6.0,8.0,9.0,10.0,4.0,10.0
1765,6.0,7.0,15.0,16.0,5.0,7.0,10.0,10.0,3.0,11.0
1766,7.0,8.0,13.0,18.0,8.0,11.0,10.0,12.0,4.0,13.0
1767,9.0,9.0,13.0,21.0,9.0,11.0,11.0,11.0,6.0,14.0
1768,8.0,9.0,13.0,18.0,6.0,10.0,9.0,11.0,6.0,13.0
1769,5.0,11.0,12.0,16.0,6.0,12.0,9.0,10.0,6.0,12.0
1770,6.0,8.0,13.0,16.0,9.0,13.0,9.0,10.0,10.0,12.0
1771,5.0,13.0,17.0,13.0,10.0,13.0,9.0,9.0,9.0,13.0
1772,7.0,15.0,15.0,16.0,14.0,11.0,10.0,11.0,7.0,14.0
1773,5.0,13.0,10.0,12.0,14.0,11.0,9.0,8.0,6.0,6.0
1774,7.0,13.0,11.0,10.0,14.0,11.0,11.0,8.0,3.0,11.0
1775,7.0,14.0,13.0,11.0,12.0,10.0,10.0,8.0,3.0,12.0
1776,8.0,14.0,15.0,10.0,12.0,12.0,9.0,8.0,5.0,17.0
1777,12.0,13.0,12.0,10.0,14.0,11.0,12.0,8.0,7.0,15.0
1778,11.0,12.0,11.0,9.0,11.0,11.0,10.0,7.0,8.0,13.0
1779,14.0,11.0,10.0,11.0,10.0,12.0,9.0,7.0,5.0,11.0
1780,15.0,11.0,10.0,10.0,9.0,11.0,9.0,6.0,6.0,14.0
1781,16.0,10.0,11.0,12.0,7.0,13.0,12.0,8.0,8.0,16.0
1782,21.0,12.0,16.0,14.0,8.0,11.0,12.0,9.0,8.0,15.0
1783,16.0,10.0,9.0,13.0,8.0,11.0,12.0,7.0,7.0,11.0
1784,15.0,11.0,8.0,13.0,10.0,9.0,11.0,7.0,9.0,9.0
1785,14.0,12.0,11.0,13.0,11.0,9.0,14.0,8.0,9.0,9.0
1786,15.0,14.0,11.0,13.0,12.0,8.0,14.0,8.0,7.0,8.0
1787,15.0,16.0,12.0,15.0,15.0,6.0,14.0,7.0,7.0,9.0
1788,11.0,11.0,13.0,12.0,13.0,4.0,10.0,8.0,4.0,6.0
1789,12.0,9.0,10.0,11.0,15.0,4.0,11.0,8.0,5.0,6.0
1790,14.0,11.0,11.0,12.0,15.0,8.0,9.0,8.0,5.0,6.0
1791,16.0,12.0,12.0,9.0,14.0,6.0,11.0,4.0,7.0,6.0
1792,17.0,12.0,14.0,11.0,12.0,5.0,10.0,4.0,11.0,5.0
1793,14.0,9.0,12.0,11.0,10.0,5.0,9.0,3.0,8.0,5.0
1794,15.0,8.0,12.0,12.0,7.0,5.0,8.0,2.0,11.0,4.0
1795,11.0,7.0,12.0,14.0,6.0,4.0,7.0,3.0,13.0,7.0
1796,11.0,11.0,13.0,14.0,6.0,6.0,8.0,4.0,15.0,8.0
1797,10.0,9.0,10.0,13.0,7.0,8.0,8.0,6.0,14.0,11.0
1798,10.0,5.0,11.0,12.0,8.0,6.0,6.0,4.0,13.0,11.0
1799,9.0,3.0,13.0,11.0,10.0,7.0,2.0,4.0,14.0,10.0
1800,12.0,4.0,11.0,12.0,11.0,9.0,2.0,4.0,12.0,12.0
1801,11.0,2.0,9.0,12.0,14.0,9.0,5.0,2.0,14.0,13.0
1802,13.0,4.0,9.0,13.0,14.0,8.0,8.0,4.0,15.0,12.0
1803,14.0,3.0,9.0,10.0,12.0,9.0,6.0,3.0,11.0,12.0
1804,13.0,4.0,9.0,10.0,10.0,8.0,8.0,2.0,14.0,10.0
1805,12.0,7.0,11.0,11.0,11.0,10.0,9.0,3.0,13.0,9.0
1806,12.0,10.0,11.0,14.0,10.0,13.0,8.0,3.0,13.0,10.0
1807,14.0,10.0,10.0,16.0,11.0,13.0,9.0,5.0,15.0,10.0
1808,13.0,7.0,5.0,14.0,7.0,13.0,7.0,4.0,11.0,11.0
1809,15.0,6.0,8.0,17.0,7.0,13.0,5.0,3.0,13.0,11.0
1810,14.0,7.0,9.0,15.0,1.0,15.0,6.0,6.0,11.0,13.0
1811,14.0,8.0,10.0,16.0,3.0,14.0,7.0,5.0,12.0,12.0
1812,13.0,11.0,11.0,16.0,5.0,16.0,9.0,3.0,13.0,12.0
1813,11.0,9.0,7.0,15.0,7.0,13.0,9.0,3.0,9.0,11.0
1814,9.0,10.0,9.0,13.0,8.0,13.0,10.0,2.0,10.0,9.0
1815,9.0,11.0,11.0,12.0,8.0,16.0,11.0,3.0,11.0,10.0
1816,9.0,14.0,11.0,12.0,9.0,19.0,11.0,4.0,11.0,9.0
1817,9.0,15.0,12.0,14.0,9.0,19.0,12.0,4.0,13.0,10.0
1818,7.0,12.0,13.0,11.0,8.0,15.0,10.0,3.0,11.0,9.0
1819,7.0,12.0,13.0,9.0,8.0,13.0,12.0,3.0,7.0,8.0
1820,11.0,11.0,12.0,10.0,8.0,12.0,12.0,4.0,8.0,8.0
1821,10.0,14.0,13.0,12.0,9.0,14.0,13.0,6.0,11.0,8.0
1822,11.0,14.0,16.0,13.0,11.0,14.0,12.0,7.0,15.0,8.0
1823,10.0,15.0,13.0,12.0,10.0,10.0,11.0,6.0,12.0,8.0
1824,9.0,18.0,11.0,14.0,10.0,8.0,11.0,6.0,12.0,10.0
1825,8.0,19.0,12.0,14.0,11.0,9.0,10.0,7.0,14.0,11.0
1826,7.0,19.0,11.0,15.0,11.0,12.0,15.0,9.0,12.0,12.0
1827,7.0,17.0,12.0,13.0,13.0,12.0,15.0,13.0,13.0,12.0
1828,7.0,16.0,12.0,8.0,8.0,13.0,10.0,10.0,13.0,9.0
1829,7.0,13.0,10.0,7.0,9.0,13.0,10.0,8.0,12.0,9.0
1830,8.0,13.0,9.0,7.0,10.0,14.0,10.0,8.0,12.0,9.0
1831,7.0,14.0,12.0,9.0,7.0,13.0,11.0,8.0,13.0,9.0
1832,9.0,15.0,13.0,7.0,8.0,11.0,11.0,9.0,13.0,10.0
1833,8.0,10.0,11.0,6.0,7.0,8.0,10.0,5.0,9.0,6.0
1834,10.0,13.0,12.0,5.0,4.0,7.0,10.0,4.0,11.0,5.0
1835,11.0,13.0,11.0,5.0,5.0,5.0,9.0,4.0,10.0,6.0
1836,12.0,16.0,12.0,9.0,5.0,6.0,9.0,4.0,11.0,6.0
1837,15.0,18.0,13.0,10.0,9.0,9.0,9.0,6.0,14.0,6.0
1838,11.0,16.0,10.0,7.0,7.0,8.0,8.0,4.0,10.0,5.0
1839,12.0,12.0,10.0,8.0,8.0,10.0,9.0,8.0,9.0,3.0
1840,13.0,13.0,13.0,9.0,9.0,9.0,10.0,8.0,11.0,3.0
1841,15.0,14.0,15.0,9.0,9.0,10.0,10.0,8.0,12.0,7.0
1842,13.0,16.0,15.0,10.0,9.0,14.0,14.0,8.0,10.0,8.0
1843,10.0,15.0,12.0,8.0,12.0,12.0,11.0,7.0,8.0,6.0
1844,8.0,14.0,12.0,9.0,10.0,13.0,10.0,6.0,9.0,7.0
1845,7.0,14.0,12.0,10.0,11.0,12.0,10.0,6.0,8.0,10.0
1846,7.0,12.0,12.0,10.0,11.0,16.0,11.0,5.0,10.0,12.0
1847,8.0,12.0,12.0,13.0,11.0,19.0,11.0,5.0,9.0,10.0
1848,7.0,12.0,12.0,12.0,10.0,17.0,8.0,5.0,8.0,8.0
1849,9.0,10.0,14.0,12.0,9.0,15.0,8.0,6.0,11.0,6.0
1850,8.0,11.0,11.0,13.0,10.0,15.0,9.0,6.0,9.0,5.0
1851,10.0,12.0,14.0,14.0,11.0,14.0,12.0,4.0,10.0,4.0
1852,9.0,12.0,14.0,17.0,14.0,14.0,11.0,6.0,9.0,6.0
1853,8.0,11.0,11.0,17.0,12.0,14.0,8.0,7.0,8.0,2.0
1854,10.0,10.0,13.0,15.0,16.0,12.0,9.0,6.0,11.0,4.0
1855,11.0,10.0,16.0,15.0,17.0,12.0,10.0,6.0,10.0,4.0
1856,11.0,13.0,17.0,14.0,18.0,13.0,9.0,9.0,11.0,6.0
1857,10.0,12.0,19.0,13.0,18.0,14.0,10.0,11.0,12.0,6.0
1858,7.0,9.0,16.0,8.0,17.0,12.0,7.0,8.0,10.0,6.0
1859,6.0,9.0,15.0,7.0,16.0,13.0,8.0,7.0,10.0,7.0
1860,7.0,10.0,13.0,12.0,17.0,14.0,9.0,7.0,13.0,6.0
1861,6.0,10.0,14.0,11.0,17.0,13.0,12.0,10.0,14.0,9.0
1862,6.0,11.0,13.0,14.0,17.0,12.0,12.0,9.0,14.0,9.0
1863,4.0,10.0,10.0,12.0,16.0,11.0,10.0,8.0,13.0,6.0
1864,4.0,11.0,11.0,10.0,16.0,10.0,7.0,9.0,11.0,5.0
1865,3.0,13.0,13.0,10.0,15.0,10.0,7.0,9.0,11.0,6.0
1866,4.0,13.0,14.0,9.0,14.0,11.0,5.0,11.0,12.0,7.0
1867,5.0,14.0,15.0,12.0,14.0,12.0,7.0,9.0,17.0,8.0
1868,5.0,10.0,12.0,11.0,15.0,12.0,3.0,9.0,11.0,5.0
1869,4.0,9.0,12.0,10.0,13.0,13.0,4.0,10.0,11.0,7.0
1870,3.0,12.0,10.0,14.0,12.0,17.0,2.0,10.0,11.0,7.0
1871,2.0,9.0,13.0,11.0,12.0,14.0,3.0,9.0,14.0,8.0
1872,3.0,10.0,14.0,10.0,13.0,14.0,3.0,9.0,16.0,10.0
1873,3.0,8.0,13.0,11.0,9.0,9.0,1.0,7.0,19.0,6.0
1874,4.0,6.0,11.0,11.0,10.0,9.0,3.0,8.0,17.0,5.0
1875,6.0,5.0,11.0,10.0,12.0,9.0,4.0,10.0,17.0,4.0
1876,5.0,6.0,13.0,12.0,11.0,11.0,5.0,10.0,17.0,4.0
1877,6.0,8.0,14.0,15.0,13.0,10.0,5.0,11.0,20.0,4.0
1878,6.0,4.0,13.0,13.0,8.0,11.0,3.0,10.0,14.0,3.0
1879,7.0,4.0,12.0,15.0,9.0,9.0,6.0,11.0,16.0,2.0
1880,7.0,6.0,15.0,15.0,9.0,13.0,7.0,9.0,16.0,3.0
1881,7.0,4.0,14.0,13.0,11.0,12.0,8.0,10.0,17.0,4.0
1882,9.0,5.0,14.0,11.0,11.0,10.0,10.0,8.0,18.0,5.0
1883,4.0,7.0,13.0,10.0,11.0,8.0,7.0,7.0,17.0,5.0
1884,4.0,4.0,11.0,11.0,11.0,6.0,6.0,8.0,18.0,4.0
1885,6.0,3.0,9.0,9.0,15.0,7.0,8.0,7.0,17.0,6.0
1886,6.0,8.0,10.0,12.0,16.0,11.0,7.0,6.0,15.0,6.0
1887,8.0,8.0,13.0,12.0,17.0,12.0,6.0,6.0,15.0,7.0
1888,7.0,6.0,11.0,11.0,14.0,14.0,6.0,6.0,12.0,7.0
1889,6.0,10.0,8.0,11.0,14.0,13.0,4.0,8.0,9.0,8.0
1890,9.0,9.0,9.0,14.0,11.0,15.0,2.0,9.0,14.0,10.0
1891,10.0,9.0,9.0,14.0,11.0,14.0,6.0,8.0,13.0,12.0
1892,10.0,7.0,8.0,15.0,12.0,14.0,11.0,10.0,14.0,15.0
1893,9.0,6.0,7.0,15.0,8.0,12.0,7.0,9.0,11.0,9.0
1894,9.0,3.0,8.0,11.0,6.0,11.0,6.0,7.0,11.0,7.0
1895,14.0,3.0,8.0,11.0,10.0,11.0,9.0,8.0,13.0,9.0
1896,15.0,6.0,9.0,12.0,10.0,12.0,7.0,9.0,9.0,11.0
1897,15.0,7.0,10.0,14.0,13.0,13.0,6.0,7.0,10.0,11.0
1898,13.0,10.0,8.0,11.0,12.0,13.0,5.0,4.0,8.0,10.0
1899,12.0,11.0,10.0,11.0,8.0,11.0,5.0,5.0,8.0,9.0
1900,13.0,11.0,8.0,11.0,7.0,13.0,6.0,4.0,7.0,7.0
1901,13.0,11.0,10.0,12.0,4.0,15.0,7.0,5.0,10.0,9.0
1902,16.0,8.0,11.0,13.0,4.0,13.0,6.0,6.0,7.0,10.0
1903,14.0,8.0,8.0,13.0,0.0,12.0,6.0,4.0,8.0,9.0
1904,15.0,6.0,8.0,13.0,3.0,10.0,8.0,5.0,10.0,10.0
1905,16.0,3.0,8.0,11.0,3.0,7.0,9.0,6.0,6.0,11.0
1906,15.0,7.0,8.0,15.0,5.0,7.0,9.0,7.0,8.0,13.0
1907,16.0,9.0,10.0,14.0,9.0,8.0,10.0,7.0,9.0,15.0
1908,14.0,8.0,14.0,10.0,6.0,7.0,9.0,6.0,10.0,11.0
1909,13.0,9.0,15.0,11.0,5.0,8.0,8.0,8.0,10.0,12.0
1910,15.0,11.0,16.0,9.0,5.0,11.0,5.0,7.0,12.0,13.0
1911,16.0,13.0,19.0,11.0,6.0,13.0,6.0,9.0,15.0,14.0
1912,16.0,12.0,20.0,13.0,7.0,11.0,11.0,13.0,13.0,13.0
1913,13.0,12.0,19.0,9.0,5.0,11.0,10.0,8.0,12.0,9.0
1914,13.0,12.0,18.0,7.0,6.0,10.0,13.0,6.0,13.0,12.0
1915,15.0,12.0,15.0,9.0,5.0,10.0,13.0,4.0,14.0,12.0
1916,15.0,12.0,14.0,10.0,6.0,13.0,15.0,5.0,19.0,11.0
1917,16.0,12.0,17.0,11.0,6.0,10.0,15.0,4.0,21.0,10.0
1918,16.0,10.0,13.0,11.0,6.0,6.0,14.0,5.0,17.0,8.0
1919,13.0,11.0,13.0,9.0,8.0,6.0,12.0,5.0,18.0,9.0
1920,11.0,10.0,12.0,10.0,6.0,8.0,11.0,6.0,16.0,6.0
1921,10.0,9.0,12.0,9.0,7.0,7.0,13.0,8.0,15.0,7.0
1922,13.0,8.0,17.0,8.0,9.0,7.0,16.0,10.0,14.0,10.0
1923,9.0,8.0,14.0,7.0,9.0,6.0,16.0,7.0,13.0,7.0
1924,9.0,11.0,14.0,5.0,8.0,5.0,15.0,6.0,15.0,8.0
1925,9.0,10.0,13.0,5.0,6.0,9.0,16.0,7.0,15.0,9.0
1926,10.0,13.0,14.0,5.0,5.0,11.0,16.0,5.0,15.0,8.0
1927,12.0,15.0,16.0,4.0,4.0,10.0,18.0,7.0,17.0,5.0
1928,12.0,12.0,16.0,4.0,3.0,6.0,17.0,7.0,15.0,7.0
1929,12.0,12.0,15.0,5.0,4.0,7.0,14.0,10.0,17.0,6.0
1930,11.0,13.0,18.0,8.0,7.0,10.0,12.0,9.0,18.0,8.0
1931,9.0,14.0,17.0,9.0,6.0,9.0,13.0,12.0,17.0,9.0
1932,9.0,13.0,17.0,8.0,7.0,11.0,16.0,15.0,16.0,12.0
1933,6.0,13.0,14.0,9.0,8.0,9.0,14.0,10.0,14.0,11.0
1934,4.0,14.0,13.0,7.0,8.0,7.0,15.0,11.0,11.0,12.0
1935,5.0,17.0,12.0,7.0,9.0,7.0,13.0,12.0,11.0,11.0
1936,3.0,18.0,13.0,7.0,9.0,8.0,13.0,14.0,15.0,13.0
1937,6.0,18.0,13.0,7.0,10.0,8.0,14.0,13.0,12.0,14.0
1938,3.0,14.0,12.0,8.0,9.0,7.0,11.0,11.0,12.0,13.0
1939,4.0,14.0,15.0,7.0,9.0,8.0,13.0,10.0,13.0,15.0
1940,4.0,12.0,16.0,8.0,10.0,9.0,12.0,11.0,13.0,15.0
1941,7.0,16.0,18.0,9.0,10.0,9.0,13.0,12.0,14.0,14.0
1942,7.0,17.0,19.0,9.0,10.0,9.0,11.0,11.0,12.0,13.0
1943,7.0,17.0,17.0,7.0,10.0,7.0,9.0,12.0,14.0,9.0
1944,8.0,14.0,16.0,8.0,11.0,5.0,6.0,12.0,14.0,8.0
1945,7.0,15.0,15.0,6.0,9.0,4.0,6.0,14.0,13.0,8.0
1946,9.0,17.0,13.0,8.0,10.0,4.0,7.0,14.0,13.0,10.0
1947,9.0,18.0,14.0,12.0,8.0,3.0,8.0,15.0,17.0,14.0
1948,9.0,15.0,11.0,9.0,7.0,3.0,8.0,14.0,15.0,9.0
1949,7.0,13.0,15.0,10.0,10.0,6.0,7.0,13.0,14.0,12.0
1950,8.0,12.0,12.0,10.0,11.0,7.0,7.0,11.0,15.0,12.0
1951,10.0,15.0,13.0,10.0,13.0,5.0,10.0,11.0,13.0,13.0
1952,11.0,15.0,15.0,13.0,15.0,3.0,9.0,11.0,11.0,14.0
1953,9.0,17.0,13.0,11.0,15.0,4.0,8.0,11.0,8.0,11.0
1954,8.0,14.0,9.0,10.0,13.0,3.0,8.0,10.0,9.0,10.0
1955,8.0,16.0,9.0,11.0,15.0,3.0,7.0,10.0,7.0,11.0
1956,6.0,17.0,11.0,12.0,14.0,6.0,6.0,10.0,7.0,14.0
1957,7.0,18.0,12.0,13.0,14.0,7.0,7.0,9.0,12.0,16.0
1958,4.0,16.0,11.0,11.0,12.0,5.0,5.0,9.0,8.0,14.0
1959,3.0,15.0,11.0,12.0,12.0,6.0,6.0,8.0,8.0,13.0
1960,5.0,13.0,12.0,12.0,10.0,10.0,6.0,8.0,9.0,13.0
1961,6.0,15.0,8.0,12.0,10.0,10.0,8.0,9.0,12.0,13.0
1962,6.0,14.0,6.0,14.0,13.0,10.0,10.0,11.0,14.0,15.0
1963,6.0,13.0,5.0,13.0,14.0,8.0,5.0,6.0,13.0,13.0
1964,6.0,12.0,5.0,11.0,13.0,8.0,8.0,5.0,14.0,9.0
1965,7.0,14.0,5.0,10.0,15.0,10.0,7.0,7.0,10.0,8.0
1966,7.0,12.0,4.0,11.0,15.0,11.0,6.0,13.0,8.0,8.0
1967,8.0,12.0,5.0,9.0,14.0,13.0,8.0,14.0,8.0,11.0
1968,7.0,9.0,6.0,10.0,11.0,14.0,7.0,9.0,5.0,6.0
1969,7.0,8.0,7.0,11.0,12.0,15.0,8.0,9.0,7.0,7.0
1970,7.0,9.0,9.0,10.0,11.0,16.0,7.0,6.0,10.0,8.0
1971,9.0,10.0,7.0,13.0,14.0,16.0,9.0,8.0,10.0,9.0
1972,8.0,11.0,8.0,14.0,14.0,17.0,9.0,13.0,10.0,11.0
1973,8.0,11.0,6.0,10.0,12.0,14.0,10.0,13.0,10.0,10.0
1974,12.0,12.0,6.0,10.0,12.0,12.0,9.0,11.0,9.0,8.0
1975,9.0,12.0,8.0,9.0,15.0,13.0,11.0,10.0,10.0,8.0
1976,11.0,14.0,9.0,10.0,15.0,16.0,12.0,11.0,10.0,14.0
1977,12.0,16.0,12.0,10.0,18.0,16.0,14.0,11.0,9.0,16.0
1978,11.0,13.0,13.0,9.0,17.0,16.0,13.0,11.0,6.0,13.0
1979,11.0,11.0,13.0,13.0,18.0,16.0,12.0,11.0,5.0,14.0
1980,10.0,10.0,14.0,14.0,19.0,17.0,11.0,12.0,7.0,16.0
1981,13.0,12.0,13.0,16.0,19.0,12.0,11.0,12.0,8.0,15.0
1982,14.0,12.0,14.0,14.0,19.0,12.0,11.0,12.0,9.0,16.0
1983,12.0,12.0,11.0,10.0,16.0,11.0,11.0,11.0,8.0,12.0
1984,14.0,13.0,11.0,8.0,15.0,10.0,13.0,10.0,7.0,10.0
1985,11.0,12.0,12.0,8.0,17.0,10.0,11.0,12.0,6.0,12.0
1986,12.0,12.0,11.0,9.0,16.0,11.0,12.0,13.0,6.0,13.0
1987,15.0,13.0,12.0,11.0,17.0,11.0,13.0,14.0,8.0,15.0
1988,12.0,9.0,10.0,13.0,13.0,9.0,13.0,11.0,8.0,12.0
1989,13.0,8.0,13.0,15.0,13.0,13.0,14.0,13.0,8.0,13.0
1990,15.0,10.0,13.0,14.0,11.0,13.0,15.0,11.0,12.0,12.0
1991,17.0,8.0,15.0,14.0,13.0,17.0,15.0,8.0,13.0,12.0
1992,16.0,8.0,16.0,13.0,12.0,18.0,17.0,7.0,16.0,11.0
1993,13.0,6.0,15.0,12.0,9.0,12.0,13.0,4.0,15.0,12.0
1994,13.0,6.0,14.0,8.0,9.0,11.0,13.0,3.0,15.0,10.0
1995,14.0,8.0,14.0,8.0,10.0,9.0,14.0,4.0,16.0,11.0
1996,15.0,6.0,16.0,10.0,9.0,9.0,15.0,9.0,20.0,12.0
1997,16.0,5.0,15.0,9.0,10.0,10.0,19.0,10.0,21.0,15.0
1998,16.0,4.0,16.0,9.0,7.0,8.0,17.0,10.0,15.0,14.0
1999,17.0,8.0,13.0,8.0,7.0,7.0,15.0,11.0,17.0,12.0
2000,19.0,5.0,12.0,4.0,6.0,11.0,17.0,10.0,19.0,14.0
2001,22.0,4.0,14.0,5.0,6.0,10.0,16.0,10.0,18.0,14.0
2002,23.0,7.0,14.0,8.0,9.0,10.0,18.0,9.0,18.0,18.0
2003,18.0,6.0,10.0,6.0,10.0,9.0,15.0,7.0,19.0,15.0
2004,16.0,7.0,11.0,10.0,11.0,7.0,16.0,6.0,19.0,14.0
2005,16.0,8.0,12.0,9.0,11.0,8.0,17.0,5.0,17.0,12.0
2006,16.0,8.0,12.0,12.0,12.0,10.0,16.0,4.0,17.0,12.0
2007,13.0,9.0,12.0,12.0,10.0,8.0,16.0,3.0,17.0,13.0
2008,10.0,10.0,10.0,10.0,6.0,6.0,13.0,3.0,13.0,8.0
2009,8.0,10.0,9.0,10.0,6.0,6.0,12.0,3.0,14.0,8.0
2010,10.0,9.0,10.0,9.0,6.0,7.0,10.0,4.0,16.0,10.0
2011,7.0,8.0,11.0,10.0,5.0,9.0,12.0,4.0,15.0,12.0
2012,10.0,8.0,14.0,9.0,6.0,8.0,12.0,5.0,17.0,13.0
2013,8.0,7.0,13.0,8.0,5.0,3.0,7.0,3.0,16.0,12.0
2014,9.0,6.0,13.0,9.0,4.0,4.0,8.0,4.0,17.0,12.0
2015,8.0,9.0,15.0,10.0,5.0,2.0,7.0,3.0,16.0,12.0
2016,10.0,7.0,15.0,8.0,6.0,4.0,7.0,9.0,19.0,11.0
2017,14.0,7.0,17.0,10.0,7.0,5.0,10.0,10.0,17.0,11.0
2018,11.0,7.0,15.0,7.0,5.0,4.0,8.0,9.0,13.0,11.0
2019,10.0,8.0,13.0,6.0,5.0,5.0,8.0,10.0,11.0,13.0
2020,9.0,6.0,11.0,8.0,6.0,7.0,6.0,8.0,11.0,13.0
2021,9.0,10.0,11.0,9.0,6.0,6.0,6.0,11.0,14.0,12.0
2022,7.0,11.0,12.0,10.0,8.0,7.0,4.0,10.0,15.0,13.0
2023,6.0,11.0,11.0,8.0,8.0,5.0,2.0,9.0,13.0,11.0
2024,8.0,13.0,10.0,11.0,9.0,5.0,3.0,8.0,14.0,10.0
2025,6.0,12.0,13.0,12.0,14.0,5.0,8.0,9.0,12.0,10.0
2026,8.0,14.0,15.0,13.0,15.0,6.0,8.0,10.0,12.0,12.0
2027,8.0,14.0,16.0,14.0,17.0,8.0,8.0,11.0,14.0,14.0
2028,6.0,14.0,14.0,13.0,15.0,7.0,7.0,10.0,10.0,10.0
2029,6.0,11.0,13.0,11.0,15.0,3.0,7.0,10.0,10.0,9.0
2030,9.0,10.0,12.0,11.0,14.0,7.0,7.0,11.0,9.0,13.0
2031,10.0,12.0,10.0,12.0,15.0,7.0,8.0,11.0,11.0,14.0
2032,12.0,14.0,9.0,13.0,16.0,10.0,7.0,11.0,11.0,16.0
2033,10.0,12.0,7.0,11.0,15.0,8.0,1.0,8.0,9.0,15.0
2034,9.0,11.0,8.0,11.0,18.0,8.0,4.0,11.0,11.0,9.0
2035,9.0,10.0,7.0,11.0,17.0,9.0,6.0,11.0,9.0,9.0
2036,9.0,8.0,8.0,9.0,14.0,8.0,6.0,13.0,10.0,10.0
2037,12.0,11.0,12.0,11.0,13.0,10.0,7.0,14.0,13.0,11.0
2038,10.0,13.0,11.0,10.0,10.0,10.0,4.0,11.0,12.0,8.0
2039,12.0,13.0,11.0,8.0,8.0,11.0,6.0,8.0,10.0,11.0
2040,13.0,12.0,11.0,7.0,8.0,13.0,4.0,9.0,8.0,13.0
2041,13.0,13.0,12.0,10.0,11.0,14.0,4.0,9.0,7.0,12.0
2042,13.0,11.0,12.0,13.0,11.0,13.0,7.0,9.0,7.0,11.0
2043,9.0,13.0,6.0,13.0,9.0,14.0,7.0,9.0,7.0,8.0
2044,8.0,15.0,5.0,12.0,13.0,13.0,6.0,10.0,11.0,7.0
2045,9.0,13.0,9.0,14.0,11.0,13.0,7.0,13.0,10.0,8.0
2046,9.0,12.0,7.0,14.0,11.0,13.0,4.0,14.0,14.0,8.0
2047,9.0,14.0,7.0,13.0,8.0,13.0,4.0,14.0,15.0,10.0
2048,9.0,15.0,7.0,14.0,8.0,12.0,5.0,11.0,11.0,10.0
2049,13.0,11.0,5.0,12.0,6.0,13.0,5.0,10.0,12.0,7.0
2050,11.0,12.0,7.0,10.0,4.0,12.0,5.0,8.0,16.0,8.0
2051,13.0,13.0,10.0,10.0,3.0,12.0,6.0,8.0,13.0,9.0
2052,15.0,18.0,13.0,11.0,4.0,11.0,7.0,9.0,15.0,8.0
2053,11.0,17.0,9.0,8.0,7.0,11.0,7.0,6.0,9.0,6.0
2054,10.0,16.0,10.0,11.0,5.0,8.0,11.0,7.0,7.0,5.0
2055,9.0,17.0,9.0,10.0,8.0,9.0,11.0,7.0,6.0,4.0
2056,11.0,18.0,8.0,10.0,9.0,10.0,11.0,7.0,6.0,4.0
2057,13.0,20.0,10.0,11.0,10.0,10.0,12.0,7.0,8.0,3.0
2058,10.0,18.0,11.0,8.0,6.0,12.0,12.0,5.0,8.0,2.0
2059,9.0,16.0,10.0,8.0,7.0,12.0,12.0,5.0,9.0,3.0
2060,12.0,15.0,10.0,9.0,6.0,13.0,11.0,4.0,9.0,5.0
2061,14.0,15.0,11.0,8.0,6.0,12.0,12.0,6.0,7.0,10.0
2062,14.0,16.0,11.0,9.0,5.0,13.0,13.0,6.0,7.0,8.0
2063,13.0,14.0,7.0,7.0,6.0,15.0,11.0,6.0,6.0,6.0
2064,11.0,14.0,6.0,12.0,8.0,13.0,7.0,7.0,6.0,8.0
2065,12.0,11.0,5.0,10.0,9.0,12.0,5.0,7.0,7.0,6.0
2066,11.0,10.0,7.0,9.0,11.0,14.0,7.0,7.0,7.0,7.0
2067,9.0,8.0,8.0,10.0,12.0,12.0,6.0,7.0,8.0,7.0
2068,4.0,8.0,6.0,7.0,11.0,8.0,4.0,6.0,10.0,7.0
2069,3.0,3.0,3.0,8.0,9.0,10.0,6.0,6.0,10.0,8.0
2070,4.0,6.0,4.0,8.0,9.0,12.0,6.0,8.0,11.0,8.0
2071,7.0,9.0,4.0,10.0,6.0,12.0,10.0,9.0,15.0,8.0
2072,5.0,8.0,6.0,12.0,8.0,17.0,9.0,10.0,13.0,7.0
2073,6.0,9.0,4.0,9.0,7.0,15.0,9.0,9.0,9.0,7.0
2074,7.0,8.0,5.0,10.0,9.0,15.0,10.0,11.0,8.0,8.0
2075,6.0,8.0,7.0,14.0,12.0,14.0,10.0,11.0,7.0,9.0
2076,6.0,8.0,6.0,15.0,12.0,16.0,7.0,12.0,6.0,13.0
2077,11.0,9.0,11.0,14.0,12.0,17.0,9.0,11.0,7.0,13.0
2078,8.0,8.0,8.0,13.0,9.0,13.0,7.0,8.0,6.0,13.0
2079,6.0,10.0,10.0,10.0,10.0,12.0,5.0,8.0,5.0,13.0
2080,6.0,12.0,9.0,9.0,12.0,14.0,7.0,7.0,5.0,14.0
2081,5.0,13.0,11.0,8.0,10.0,15.0,10.0,7.0,9.0,15.0
2082,7.0,14.0,12.0,8.0,10.0,11.0,11.0,9.0,11.0,14.0
2083,5.0,12.0,11.0,4.0,9.0,11.0,11.0,7.0,7.0,13.0
2084,5.0,12.0,11.0,3.0,9.0,8.0,11.0,5.0,8.0,12.0
2085,8.0,14.0,13.0,2.0,10.0,7.0,10.0,6.0,8.0,12.0
2086,8.0,12.0,14.0,3.0,10.0,7.0,11.0,9.0,10.0,12.0
2087,9.0,13.0,17.0,2.0,13.0,7.0,9.0,9.0,10.0,12.0
2088,7.0,10.0,13.0,2.0,12.0,6.0,8.0,9.0,8.0,9.0
2089,6.0,7.0,12.0,2.0,11.0,7.0,11.0,9.0,4.0,13.0
2090,9.0,6.0,13.0,1.0,14.0,10.0,12.0,9.0,4.0,13.0
2091,9.0,7.0,11.0,2.0,11.0,10.0,10.0,8.0,3.0,13.0
2092,8.0,7.0,15.0,4.0,12.0,12.0,11.0,12.0,3.0,15.0
2093,8.0,4.0,11.0,1.0,10.0,9.0,12.0,9.0,5.0,15.0
2094,6.0,8.0,12.0,3.0,11.0,10.0,10.0,8.0,5.0,13.0
2095,6.0,8.0,11.0,5.0,9.0,11.0,10.0,9.0,5.0,13.0
2096,11.0,10.0,14.0,4.0,10.0,11.0,12.0,12.0,8.0,16.0
2097,12.0,12.0,15.0,4.0,10.0,10.0,12.0,13.0,10.0,20.0
2098,8.0,13.0,14.0,1.0,10.0,8.0,9.0,14.0,7.0,15.0
2099,9.0,11.0,15.0,1.0,9.0,8.0,10.0,11.0,5.0,15.0
2100,14.0,11.0,15.0,2.0,8.0,7.0,11.0,12.0,6.0,16.0
2101,14.0,10.0,15.0,2.0,9.0,7.0,12.0,12.0,6.0,14.0
2102,17.0,8.0,15.0,3.0,12.0,8.0,13.0,11.0,6.0,17.0
2103,16.0,9.0,13.0,3.0,11.0,4.0,9.0,9.0,5.0,13.0
2104,16.0,11.0,14.0,4.0,10.0,5.0,8.0,9.0,5.0,11.0
2105,18.0,11.0,14.0,5.0,11.0,7.0,11.0,8.0,7.0,10.0
2106,20.0,12.0,14.0,8.0,10.0,7.0,11.0,8.0,7.0,11.0
2107,20.0,12.0,15.0,10.0,10.0,9.0,11.0,6.0,12.0,12.0
2108,17.0,11.0,13.0,9.0,8.0,11.0,8.0,5.0,7.0,13.0
2109,17.0,11.0,13.0,6.0,9.0,8.0,7.0,5.0,7.0,11.0
2110,19.0,12.0,16.0,3.0,11.0,9.0,6.0,5.0,9.0,15.0
2111,16.0,14.0,15.0,4.0,13.0,11.0,7.0,5.0,8.0,14.0
2112,15.0,16.0,16.0,4.0,10.0,14.0,10.0,6.0,8.0,12.0
2113,14.0,15.0,13.0,3.0,9.0,10.0,7.0,7.0,6.0,12.0
2114,14.0,11.0,13.0,2.0,12.0,11.0,6.0,7.0,9.0,13.0
2115,13.0,13.0,11.0,4.0,10.0,15.0,9.0,8.0,12.0,10.0
2116,12.0,14.0,9.0,4.0,10.0,14.0,8.0,6.0,16.0,10.0
2117,12.0,16.0,9.0,6.0,10.0,16.0,8.0,6.0,17.0,12.0
2118,11.0,13.0,6.0,4.0,8.0,15.0,6.0,6.0,16.0,10.0
2119,12.0,14.0,5.0,4.0,6.0,12.0,3.0,6.0,15.0,12.0
2120,14.0,13.0,5.0,4.0,6.0,11.0,6.0,7.0,14.0,12.0
2121,13.0,14.0,7.0,6.0,6.0,11.0,5.0,7.0,16.0,10.0
2122,14.0,14.0,9.0,7.0,7.0,10.0,7.0,10.0,16.0,10.0
2123,9.0,13.0,11.0,6.0,3.0,9.0,6.0,3.0,11.0,6.0
2124,7.0,15.0,11.0,6.0,1.0,9.0,5.0,2.0,12.0,6.0
2125,9.0,16.0,14.0,4.0,2.0,12.0,5.0,1.0,13.0,6.0
2126,10.0,17.0,18.0,4.0,4.0,12.0,8.0,3.0,14.0,5.0
2127,11.0,18.0,21.0,4.0,3.0,14.0,11.0,3.0,14.0,6.0
2128,8.0,14.0,16.0,2.0,1.0,12.0,8.0,6.0,16.0,6.0
2129,10.0,12.0,17.0,2.0,1.0,12.0,9.0,3.0,15.0,8.0
2130,10.0,11.0,16.0,6.0,2.0,11.0,8.0,3.0,15.0,8.0
2131,10.0,10.0,16.0,7.0,3.0,12.0,8.0,5.0,16.0,10.0
2132,12.0,10.0,17.0,8.0,5.0,15.0,8.0,7.0,16.0,10.0
2133,10.0,9.0,13.0,9.0,4.0,13.0,8.0,5.0,15.0,9.0
2134,9.0,12.0,12.0,10.0,3.0,12.0,8.0,5.0,15.0,5.0
2135,10.0,12.0,13.0,10.0,5.0,14.0,7.0,6.0,15.0,6.0
2136,10.0,10.0,11.0,10.0,6.0,17.0,9.0,7.0,15.0,6.0
2137,8.0,13.0,10.0,9.0,10.0,19.0,10.0,5.0,12.0,7.0
2138,8.0,12.0,7.0,8.0,5.0,15.0,8.0,3.0,10.0,7.0
2139,9.0,10.0,5.0,6.0,4.0,15.0,8.0,4.0,11.0,4.0
2140,8.0,10.0,4.0,6.0,4.0,14.0,7.0,2.0,11.0,3.0
2141,8.0,9.0,5.0,5.0,7.0,16.0,6.0,4.0,11.0,6.0
2142,10.0,11.0,6.0,7.0,7.0,18.0,7.0,5.0,13.0,6.0
2143,9.0,10.0,6.0,5.0,5.0,13.0,8.0,5.0,15.0,7.0
2144,9.0,9.0,9.0,4.0,8.0,13.0,8.0,5.0,16.0,8.0
2145,10.0,11.0,9.0,6.0,8.0,14.0,8.0,7.0,14.0,11.0
2146,13.0,11.0,8.0,10.0,10.0,13.0,10.0,9.0,13.0,12.0
2147,14.0,12.0,10.0,10.0,12.0,15.0,14.0,11.0,13.0,11.0
2148,14.0,13.0,11.0,10.0,11.0,13.0,12.0,10.0,10.0,8.0
2149,14.0,11.0,8.0,9.0,9.0,12.0,11.0,9.0,12.0,9.0
2150,19.0,10.0,8.0,8.0,10.0,11.0,12.0,8.0,11.0,6.0
2151,20.0,11.0,9.0,9.0,11.0,13.0,12.0,8.0,11.0,6.0
2152,20.0,11.0,7.0,10.0,11.0,12.0,11.0,9.0,13.0,6.0
2153,17.0,7.0,8.0,9.0,8.0,10.0,10.0,9.0,10.0,8.0
2154,16.0,5.0,6.0,8.0,10.0,12.0,11.0,9.0,11.0,9.0
2155,19.0,5.0,7.0,7.0,10.0,11.0,11.0,10.0,11.0,14.0
2156,19.0,8.0,7.0,9.0,10.0,11.0,18.0,10.0,12.0,16.0
2157,21.0,8.0,8.0,9.0,11.0,14.0,20.0,12.0,12.0,16.0
2158,18.0,6.0,7.0,9.0,10.0,12.0,17.0,11.0,9.0,14.0
2159,19.0,6.0,8.0,8.0,10.0,11.0,20.0,9.0,12.0,11.0
2160,19.0,9.0,8.0,7.0,11.0,10.0,19.0,7.0,12.0,15.0
2161,16.0,10.0,11.0,9.0,12.0,10.0,20.0,8.0,12.0,13.0
2162,15.0,11.0,11.0,10.0,15.0,11.0,23.0,9.0,10.0,10.0
2163,12.0,10.0,14.0,4.0,13.0,12.0,21.0,9.0,9.0,6.0
2164,10.0,8.0,12.0,4.0,13.0,13.0,18.0,11.0,9.0,4.0
2165,10.0,10.0,15.0,5.0,15.0,16.0,19.0,11.0,10.0,6.0
2166,17.0,9.0,13.0,10.0,18.0,16.0,16.0,11.0,14.0,6.0
2167,19.0,10.0,14.0,10.0,16.0,20.0,22.0,11.0,14.0,6.0
2168,17.0,7.0,11.0,11.0,12.0,15.0,12.0,10.0,13.0,7.0
2169,17.0,9.0,11.0,13.0,11.0,12.0,11.0,9.0,12.0,7.0
2170,19.0,10.0,10.0,9.0,11.0,12.0,11.0,10.0,10.0,11.0
2171,21.0,14.0,10.0,10.0,12.0,14.0,12.0,12.0,12.0,10.0
2172,19.0,14.0,12.0,10.0,13.0,14.0,15.0,9.0,12.0,13.0
2173,17.0,10.0,9.0,8.0,13.0,11.0,13.0,5.0,9.0,12.0
2174,15.0,9.0,9.0,5.0,13.0,14.0,11.0,2.0,9.0,12.0
2175,13.0,6.0,13.0,8.0,10.0,15.0,9.0,2.0,11.0,13.0
2176,13.0,7.0,13.0,9.0,9.0,14.0,11.0,2.0,12.0,13.0
2177,15.0,7.0,14.0,11.0,10.0,14.0,11.0,2.0,13.0,13.0
2178,12.0,7.0,11.0,11.0,8.0,13.0,13.0,1.0,10.0,14.0
2179,14.0,8.0,12.0,9.0,8.0,13.0,12.0,2.0,10.0,13.0
2180,13.0,10.0,12.0,9.0,9.0,10.0,15.0,3.0,9.0,14.0
2181,13.0,11.0,12.0,11.0,10.0,11.0,17.0,4.0,7.0,16.0
2182,14.0,12.0,12.0,13.0,10.0,8.0,18.0,6.0,8.0,19.0
2183,11.0,11.0,13.0,14.0,9.0,7.0,15.0,3.0,4.0,14.0
2184,9.0,12.0,11.0,17.0,8.0,6.0,17.0,2.0,4.0,14.0
2185,6.0,13.0,15.0,19.0,7.0,5.0,14.0,4.0,4.0,14.0
2186,8.0,15.0,15.0,18.0,8.0,5.0,14.0,4.0,3.0,13.0
2187,10.0,16.0,16.0,17.0,8.0,6.0,13.0,4.0,6.0,15.0
2188,6.0,15.0,14.0,15.0,6.0,5.0,13.0,4.0,5.0,11.0
2189,4.0,15.0,15.0,11.0,4.0,7.0,13.0,7.0,8.0,12.0
2190,7.0,15.0,15.0,11.0,4.0,8.0,13.0,9.0,7.0,12.0
2191,13.0,15.0,15.0,12.0,3.0,9.0,12.0,7.0,8.0,13.0
2192,12.0,16.0,16.0,11.0,5.0,7.0,11.0,5.0,11.0,13.0
2193,9.0,9.0,14.0,10.0,2.0,8.0,11.0,2.0,13.0,10.0
2194,14.0,10.0,11.0,13.0,2.0,8.0,12.0,5.0,14.0,10.0
2195,14.0,12.0,10.0,14.0,6.0,9.0,13.0,5.0,16.0,9.0
2196,15.0,10.0,12.0,11.0,4.0,6.0,12.0,6.0,17.0,12.0
2197,17.0,11.0,14.0,11.0,5.0,7.0,13.0,6.0,18.0,10.0
2198,13.0,12.0,13.0,10.0,7.0,7.0,12.0,5.0,13.0,8.0
2199,14.0,11.0,14.0,12.0,7.0,7.0,13.0,5.0,11.0,8.0
2200,14.0,10.0,17.0,10.0,5.0,6.0,12.0,5.0,11.0,8.0
2201,18.0,11.0,13.0,11.0,7.0,7.0,12.0,9.0,11.0,10.0
2202,15.0,14.0,13.0,12.0,5.0,8.0,13.0,7.0,9.0,9.0
2203,15.0,11.0,11.0,10.0,5.0,8.0,8.0,5.0,6.0,8.0
2204,15.0,12.0,13.0,10.0,4.0,7.0,6.0,5.0,7.0,8.0
2205,17.0,9.0,13.0,11.0,5.0,9.0,6.0,5.0,5.0,10.0
2206,17.0,9.0,14.0,10.0,5.0,10.0,4.0,2.0,5.0,11.0
2207,19.0,9.0,16.0,12.0,6.0,16.0,4.0,3.0,5.0,11.0
2208,14.0,7.0,16.0,10.0,3.0,12.0,4.0,1.0,6.0,12.0
2209,17.0,6.0,16.0,9.0,5.0,11.0,4.0,1.0,6.0,10.0
2210,17.0,6.0,13.0,10.0,8.0,10.0,5.0,0.0,5.0,11.0
2211,16.0,10.0,11.0,10.0,7.0,11.0,6.0,1.0,7.0,11.0
2212,16.0,11.0,14.0,9.0,7.0,13.0,6.0,2.0,6.0,11.0
2213,13.0,11.0,11.0,5.0,4.0,14.0,6.0,3.0,7.0,12.0
2214,12.0,10.0,11.0,8.0,5.0,14.0,5.0,4.0,6.0,11.0
2215,11.0,13.0,13.0,8.0,6.0,15.0,7.0,5.0,4.0,11.0
2216,12.0,16.0,15.0,9.0,7.0,17.0,6.0,6.0,7.0,11.0
2217,13.0,20.0,14.0,10.0,8.0,19.0,7.0,6.0,5.0,12.0
2218,11.0,19.0,11.0,8.0,7.0,16.0,6.0,5.0,5.0,11.0
2219,11.0,18.0,15.0,7.0,7.0,17.0,6.0,5.0,3.0,10.0
2220,12.0,17.0,12.0,8.0,9.0,17.0,8.0,6.0,5.0,10.0
2221,16.0,17.0,10.0,8.0,10.0,14.0,7.0,10.0,7.0,13.0
2222,16.0,14.0,9.0,9.0,11.0,14.0,8.0,10.0,8.0,13.0
2223,14.0,11.0,7.0,3.0,9.0,11.0,6.0,7.0,5.0,12.0
2224,13.0,13.0,10.0,5.0,9.0,11.0,7.0,9.0,6.0,12.0
2225,14.0,12.0,12.0,5.0,11.0,15.0,8.0,8.0,6.0,15.0
2226,16.0,12.0,13.0,7.0,10.0,15.0,9.0,8.0,7.0,15.0
2227,13.0,12.0,13.0,8.0,10.0,15.0,10.0,8.0,6.0,14.0
2228,9.0,11.0,14.0,8.0,8.0,10.0,9.0,6.0,7.0,11.0
2229,9.0,12.0,11.0,7.0,8.0,11.0,7.0,6.0,6.0,10.0
2230,10.0,11.0,11.0,6.0,8.0,13.0,8.0,6.0,7.0,8.0
2231,10.0,10.0,14.0,9.0,9.0,15.0,9.0,6.0,8.0,7.0
2232,13.0,11.0,18.0,13.0,10.0,17.0,9.0,11.0,8.0,7.0
2233,12.0,10.0,16.0,12.0,10.0,16.0,9.0,7.0,9.0,4.0
2234,11.0,12.0,14.0,14.0,11.0,13.0,9.0,4.0,9.0,5.0
2235,10.0,12.0,15.0,14.0,11.0,11.0,13.0,8.0,8.0,5.0
2236,11.0,12.0,16.0,11.0,10.0,10.0,13.0,11.0,9.0,5.0
2237,10.0,12.0,16.0,8.0,10.0,13.0,16.0,13.0,9.0,6.0
2238,7.0,9.0,13.0,9.0,7.0,12.0,17.0,10.0,7.0,7.0
2239,8.0,7.0,13.0,10.0,9.0,13.0,17.0,11.0,6.0,4.0
2240,7.0,9.0,10.0,9.0,7.0,16.0,15.0,11.0,8.0,8.0
2241,8.0,10.0,8.0,8.0,7.0,18.0,17.0,14.0,9.0,8.0
2242,7.0,13.0,7.0,9.0,10.0,19.0,16.0,14.0,10.0,10.0
2243,6.0,11.0,5.0,4.0,9.0,14.0,12.0,11.0,8.0,11.0
2244,5.0,12.0,3.0,7.0,10.0,12.0,14.0,10.0,9.0,13.0
2245,2.0,16.0,6.0,9.0,9.0,13.0,12.0,10.0,7.0,13.0
2246,4.0,19.0,7.0,8.0,10.0,12.0,13.0,11.0,9.0,11.0
2247,8.0,21.0,9.0,9.0,12.0,13.0,16.0,9.0,10.0,11.0
2248,5.0,16.0,10.0,10.0,12.0,10.0,16.0,9.0,10.0,6.0
2249,8.0,15.0,10.0,7.0,14.0,11.0,14.0,7.0,8.0,6.0
2250,9.0,11.0,12.0,9.0,10.0,12.0,15.0,10.0,9.0,6.0
2251,8.0,12.0,14.0,9.0,10.0,10.0,17.0,8.0,6.0,6.0
2252,10.0,14.0,14.0,10.0,10.0,13.0,19.0,10.0,5.0,6.0
2253,8.0,8.0,11.0,9.0,7.0,12.0,14.0,11.0,4.0,9.0
2254,9.0,8.0,9.0,7.0,8.0,12.0,13.0,9.0,3.0,10.0
2255,7.0,8.0,7.0,8.0,8.0,13.0,12.0,11.0,2.0,9.0
2256,9.0,10.0,3.0,11.0,10.0,15.0,10.0,11.0,6.0,12.0
2257,11.0,15.0,3.0,10.0,10.0,16.0,13.0,11.0,6.0,13.0
2258,7.0,11.0,1.0,6.0,10.0,15.0,11.0,10.0,7.0,12.0
2259,7.0,11.0,3.0,10.0,10.0,15.0,10.0,9.0,8.0,15.0
2260,12.0,10.0,2.0,8.0,15.0,15.0,11.0,8.0,8.0,15.0
2261,13.0,12.0,5.0,9.0,15.0,15.0,14.0,11.0,8.0,16.0
2262,16.0,13.0,5.0,11.0,14.0,13.0,15.0,10.0,7.0,17.0
2263,13.0,11.0,9.0,10.0,6.0,13.0,13.0,9.0,3.0,15.0
2264,13.0,11.0,6.0,11.0,3.0,15.0,12.0,8.0,3.0,15.0
2265,14.0,13.0,8.0,12.0,5.0,14.0,14.0,7.0,5.0,15.0
2266,16.0,14.0,5.0,15.0,4.0,15.0,14.0,9.0,6.0,16.0
2267,17.0,15.0,7.0,14.0,7.0,16.0,14.0,9.0,7.0,17.0
2268,14.0,13.0,3.0,14.0,5.0,12.0,12.0,10.0,5.0,17.0
2269,15.0,11.0,2.0,13.0,6.0,11.0,11.0,11.0,6.0,17.0
2270,16.0,12.0,2.0,14.0,8.0,14.0,9.0,11.0,8.0,16.0
2271,18.0,14.0,2.0,14.0,9.0,14.0,8.0,12.0,12.0,18.0
2272,19.0,13.0,5.0,14.0,9.0,12.0,12.0,12.0,14.0,21.0
2273,16.0,10.0,7.0,12.0,5.0,6.0,12.0,11.0,11.0,20.0
2274,17.0,10.0,6.0,13.0,5.0,7.0,14.0,12.0,11.0,20.0
2275,16.0,9.0,6.0,13.0,3.0,4.0,15.0,13.0,12.0,20.0
2276,16.0,9.0,6.0,11.0,4.0,4.0,18.0,16.0,12.0,21.0
2277,14.0,8.0,5.0,13.0,3.0,9.0,21.0,18.0,15.0,21.0
2278,12.0,9.0,4.0,11.0,4.0,8.0,17.0,19.0,14.0,20.0
2279,15.0,7.0,5.0,10.0,5.0,7.0,19.0,17.0,18.0,17.0
2280,13.0,4.0,3.0,9.0,8.0,9.0,15.0,16.0,17.0,15.0
2281,11.0,4.0,6.0,11.0,9.0,10.0,15.0,16.0,17.0,15.0
2282,12.0,3.0,5.0,11.0,9.0,10.0,16.0,14.0,21.0,16.0
2283,11.0,1.0,4.0,11.0,12.0,7.0,14.0,12.0,17.0,13.0
2284,9.0,2.0,5.0,12.0,13.0,6.0,14.0,11.0,15.0,14.0
2285,8.0,3.0,9.0,14.0,15.0,6.0,15.0,11.0,17.0,14.0
2286,8.0,2.0,8.0,11.0,16.0,8.0,14.0,11.0,17.0,17.0
2287,9.0,5.0,9.0,10.0,17.0,8.0,14.0,9.0,19.0,18.0
2288,9.0,2.0,6.0,11.0,16.0,7.0,13.0,6.0,15.0,16.0
2289,13.0,3.0,6.0,11.0,13.0,10.0,13.0,6.0,13.0,17.0
2290,14.0,3.0,5.0,11.0,15.0,10.0,12.0,8.0,11.0,16.0
2291,12.0,4.0,7.0,10.0,15.0,10.0,14.0,9.0,11.0,16.0
2292,13.0,6.0,10.0,12.0,14.0,8.0,11.0,11.0,14.0,18.0
2293,11.0,4.0,6.0,10.0,13.0,7.0,8.0,8.0,15.0,14.0
2294,13.0,6.0,5.0,9.0,13.0,8.0,10.0,8.0,17.0,13.0
2295,13.0,8.0,5.0,10.0,14.0,7.0,10.0,7.0,19.0,15.0
2296,16.0,7.0,6.0,12.0,13.0,6.0,9.0,7.0,20.0,15.0
2297,18.0,9.0,10.0,15.0,11.0,6.0,9.0,5.0,21.0,18.0
2298,17.0,8.0,8.0,14.0,4.0,9.0,11.0,5.0,17.0,15.0
2299,17.0,11.0,6.0,14.0,3.0,11.0,11.0,5.0,16.0,14.0
2300,19.0,9.0,6.0,14.0,5.0,13.0,10.0,5.0,12.0,11.0
2301,21.0,8.0,8.0,14.0,4.0,14.0,10.0,6.0,12.0,12.0
2302,20.0,12.0,11.0,15.0,7.0,15.0,12.0,5.0,12.0,12.0
2303,16.0,9.0,7.0,13.0,7.0,13.0,9.0,6.0,10.0,12.0
2304,14.0,12.0,11.0,10.0,7.0,13.0,10.0,4.0,11.0,12.0
2305,11.0,11.0,16.0,13.0,8.0,11.0,11.0,5.0,15.0,14.0
2306,12.0,8.0,19.0,11.0,7.0,15.0,11.0,5.0,14.0,14.0
2307,11.0,7.0,19.0,13.0,7.0,17.0,12.0,5.0,17.0,15.0
2308,11.0,7.0,17.0,6.0,6.0,15.0,9.0,1.0,15.0,14.0
2309,11.0,8.0,13.0,8.0,8.0,14.0,8.0,1.0,14.0,13.0
2310,11.0,6.0,12.0,6.0,11.0,11.0,10.0,3.0,13.0,11.0
2311,11.0,9.0,12.0,8.0,10.0,10.0,13.0,4.0,13.0,12.0
2312,11.0,10.0,12.0,10.0,10.0,12.0,13.0,5.0,14.0,15.0
2313,8.0,11.0,11.0,6.0,11.0,12.0,9.0,4.0,10.0,11.0
2314,9.0,13.0,11.0,4.0,12.0,13.0,11.0,6.0,9.0,10.0
2315,9.0,16.0,13.0,3.0,14.0,14.0,10.0,5.0,10.0,13.0
2316,9.0,13.0,14.0,7.0,11.0,16.0,9.0,7.0,13.0,10.0
2317,7.0,15.0,14.0,9.0,12.0,16.0,10.0,4.0,17.0,11.0
2318,9.0,12.0,12.0,9.0,9.0,17.0,8.0,2.0,16.0,9.0
2319,9.0,11.0,12.0,10.0,11.0,14.0,7.0,3.0,14.0,11.0
2320,9.0,12.0,13.0,8.0,10.0,13.0,9.0,4.0,13.0,9.0
2321,9.0,13.0,11.0,8.0,10.0,12.0,10.0,3.0,14.0,9.0
2322,7.0,13.0,9.0,10.0,12.0,10.0,13.0,4.0,12.0,12.0
2323,3.0,11.0,10.0,7.0,12.0,7.0,11.0,6.0,11.0,9.0
2324,2.0,10.0,9.0,6.0,11.0,8.0,12.0,9.0,13.0,11.0
2325,0.0,13.0,9.0,6.0,11.0,11.0,12.0,9.0,11.0,12.0
2326,1.0,15.0,9.0,7.0,11.0,13.0,13.0,10.0,13.0,11.0
2327,2.0,16.0,8.0,8.0,12.0,13.0,13.0,10.0,13.0,11.0
2328,3.0,13.0,6.0,3.0,11.0,13.0,9.0,12.0,13.0,9.0
2329,2.0,14.0,7.0,6.0,11.0,17.0,9.0,9.0,15.0,9.0
2330,7.0,13.0,8.0,7.0,11.0,16.0,8.0,9.0,15.0,8.0
2331,9.0,15.0,8.0,10.0,12.0,16.0,8.0,7.0,16.0,11.0
2332,9.0,14.0,9.0,13.0,12.0,17.0,9.0,7.0,18.0,13.0
2333,7.0,10.0,7.0,11.0,9.0,16.0,4.0,6.0,17.0,12.0
2334,7.0,12.0,9.0,9.0,9.0,15.0,4.0,4.0,19.0,12.0
2335,6.0,12.0,7.0,10.0,8.0,14.0,7.0,7.0,19.0,12.0
2336,7.0,14.0,8.0,9.0,9.0,14.0,5.0,8.0,18.0,12.0
2337,7.0,13.0,9.0,12.0,8.0,13.0,5.0,10.0,18.0,15.0
2338,5.0,11.0,7.0,12.0,7.0,14.0,4.0,8.0,17.0,13.0
2339,5.0,10.0,7.0,14.0,7.0,15.0,7.0,9.0,16.0,9.0
2340,6.0,12.0,7.0,15.0,10.0,15.0,6.0,11.0,15.0,10.0
2341,7.0,14.0,6.0,11.0,11.0,14.0,7.0,11.0,16.0,10.0
2342,9.0,13.0,6.0,12.0,12.0,15.0,7.0,13.0,17.0,9.0
2343,8.0,10.0,5.0,8.0,8.0,14.0,3.0,12.0,14.0,6.0
2344,9.0,11.0,3.0,9.0,5.0,15.0,4.0,10.0,16.0,9.0
2345,7.0,12.0,2.0,10.0,7.0,15.0,3.0,10.0,15.0,8.0
2346,9.0,15.0,4.0,11.0,6.0,15.0,4.0,9.0,15.0,7.0
2347,8.0,16.0,4.0,11.0,6.0,16.0,5.0,7.0,15.0,8.0
2348,6.0,12.0,5.0,9.0,6.0,15.0,4.0,4.0,10.0,7.0
2349,9.0,11.0,6.0,10.0,7.0,15.0,3.0,4.0,8.0,5.0
2350,9.0,7.0,10.0,11.0,8.0,16.0,8.0,6.0,9.0,5.0
2351,10.0,10.0,9.0,9.0,10.0,19.0,11.0,7.0,11.0,8.0
2352,12.0,10.0,10.0,10.0,9.0,19.0,11.0,7.0,12.0,9.0
2353,8.0,12.0,7.0,7.0,6.0,15.0,7.0,6.0,10.0,7.0
2354,9.0,15.0,5.0,5.0,6.0,12.0,8.0,7.0,13.0,6.0
2355,10.0,19.0,5.0,3.0,4.0,13.0,8.0,7.0,11.0,11.0
2356,13.0,18.0,5.0,5.0,5.0,10.0,8.0,8.0,13.0,10.0
2357,13.0,19.0,6.0,6.0,4.0,11.0,11.0,8.0,13.0,10.0
2358,14.0,17.0,4.0,5.0,2.0,11.0,7.0,5.0,9.0,6.0
2359,17.0,15.0,5.0,5.0,4.0,12.0,4.0,3.0,7.0,4.0
2360,15.0,16.0,7.0,5.0,3.0,13.0,4.0,5.0,6.0,4.0
2361,14.0,16.0,9.0,7.0,8.0,13.0,8.0,6.0,7.0,7.0
2362,14.0,17.0,13.0,8.0,7.0,14.0,11.0,6.0,7.0,8.0
2363,14.0,15.0,8.0,6.0,5.0,15.0,11.0,6.0,4.0,8.0
2364,12.0,12.0,10.0,5.0,4.0,16.0,13.0,6.0,3.0,9.0
2365,12.0,12.0,9.0,8.0,5.0,13.0,16.0,10.0,3.0,9.0
2366,11.0,13.0,5.0,10.0,5.0,14.0,16.0,9.0,7.0,9.0
2367,13.0,13.0,5.0,11.0,7.0,14.0,17.0,12.0,8.0,13.0
2368,8.0,9.0,5.0,9.0,5.0,13.0,17.0,11.0,7.0,10.0
2369,12.0,7.0,5.0,11.0,7.0,10.0,17.0,12.0,10.0,12.0
2370,11.0,9.0,5.0,9.0,9.0,9.0,16.0,11.0,11.0,11.0
2371,11.0,7.0,6.0,9.0,9.0,12.0,15.0,10.0,9.0,12.0
2372,12.0,7.0,7.0,10.0,12.0,13.0,17.0,11.0,9.0,15.0
2373,10.0,5.0,9.0,7.0,9.0,11.0,11.0,12.0,8.0,11.0
2374,10.0,3.0,9.0,7.0,7.0,11.0,11.0,13.0,9.0,12.0
2375,10.0,4.0,12.0,6.0,6.0,13.0,12.0,13.0,11.0,10.0
2376,12.0,4.0,11.0,10.0,5.0,16.0,12.0,14.0,14.0,10.0
2377,14.0,5.0,13.0,10.0,5.0,15.0,17.0,13.0,14.0,12.0
2378,11.0,6.0,12.0,11.0,4.0,12.0,14.0,10.0,11.0,10.0
2379,11.0,7.0,14.0,11.0,4.0,11.0,11.0,7.0,9.0,9.0
2380,12.0,7.0,13.0,16.0,2.0,10.0,12.0,6.0,9.0,11.0
2381,12.0,8.0,15.0,19.0,5.0,11.0,13.0,9.0,9.0,11.0
2382,11.0,10.0,15.0,20.0,4.0,12.0,14.0,5.0,11.0,14.0
2383,8.0,5.0,11.0,20.0,3.0,10.0,12.0,7.0,8.0,9.0
2384,8.0,5.0,12.0,19.0,2.0,12.0,12.0,3.0,7.0,8.0
2385,8.0,6.0,14.0,16.0,4.0,14.0,14.0,2.0,12.0,7.0
2386,9.0,6.0,13.0,15.0,6.0,14.0,13.0,2.0,9.0,9.0
2387,9.0,6.0,13.0,13.0,8.0,13.0,13.0,2.0,9.0,13.0
2388,8.0,4.0,13.0,9.0,9.0,13.0,11.0,5.0,10.0,12.0
2389,9.0,2.0,11.0,2.0,6.0,15.0,10.0,4.0,9.0,11.0
2390,12.0,7.0,9.0,4.0,5.0,15.0,9.0,6.0,10.0,10.0
2391,12.0,7.0,11.0,6.0,4.0,16.0,9.0,8.0,12.0,10.0
2392,12.0,6.0,13.0,8.0,6.0,17.0,10.0,10.0,11.0,10.0
2393,7.0,4.0,12.0,4.0,4.0,13.0,11.0,8.0,7.0,6.0
2394,7.0,4.0,14.0,4.0,5.0,13.0,12.0,11.0,9.0,4.0
2395,5.0,4.0,14.0,5.0,9.0,13.0,10.0,10.0,10.0,6.0
2396,9.0,4.0,13.0,5.0,10.0,12.0,13.0,12.0,9.0,7.0
2397,12.0,6.0,15.0,7.0,8.0,14.0,12.0,10.0,8.0,10.0
2398,10.0,3.0,12.0,6.0,10.0,10.0,12.0,8.0,11.0,9.0
2399,10.0,5.0,11.0,7.0,11.0,8.0,11.0,6.0,10.0,5.0
2400,13.0,5.0,11.0,7.0,15.0,10.0,11.0,5.0,9.0,2.0
2401,18.0,6.0,14.0,8.0,14.0,10.0,13.0,5.0,9.0,3.0
2402,17.0,8.0,17.0,9.0,15.0,11.0,14.0,7.0,10.0,7.0
2403,14.0,6.0,12.0,9.0,12.0,12.0,13.0,5.0,7.0,4.0
2404,15.0,10.0,10.0,8.0,13.0,11.0,13.0,7.0,10.0,6.0
2405,14.0,9.0,12.0,7.0,16.0,12.0,16.0,9.0,10.0,9.0
2406,13.0,11.0,10.0,8.0,15.0,14.0,20.0,10.0,12.0,7.0
2407,12.0,12.0,9.0,9.0,14.0,16.0,18.0,14.0,13.0,8.0
2408,9.0,10.0,8.0,8.0,10.0,12.0,17.0,16.0,12.0,11.0
2409,8.0,12.0,8.0,8.0,10.0,10.0,14.0,14.0,12.0,11.0
2410,9.0,10.0,10.0,6.0,9.0,9.0,14.0,14.0,12.0,14.0
2411,12.0,11.0,9.0,6.0,9.0,9.0,13.0,14.0,13.0,15.0
2412,13.0,16.0,10.0,7.0,7.0,8.0,15.0,13.0,12.0,15.0
2413,11.0,14.0,8.0,6.0,5.0,8.0,10.0,12.0,12.0,15.0
2414,12.0,14.0,5.0,6.0,6.0,8.0,10.0,11.0,11.0,14.0
2415,11.0,11.0,4.0,7.0,6.0,8.0,12.0,9.0,11.0,14.0
2416,10.0,12.0,8.0,8.0,9.0,6.0,9.0,10.0,12.0,18.0
2417,10.0,13.0,12.0,9.0,9.0,6.0,9.0,10.0,15.0,20.0
2418,8.0,11.0,9.0,6.0,11.0,7.0,7.0,10.0,13.0,17.0
2419,7.0,13.0,12.0,6.0,11.0,5.0,7.0,9.0,12.0,19.0
2420,6.0,13.0,12.0,8.0,14.0,5.0,8.0,10.0,12.0,21.0
2421,4.0,13.0,17.0,12.0,12.0,5.0,7.0,11.0,15.0,23.0
2422,5.0,17.0,16.0,12.0,12.0,7.0,8.0,13.0,18.0,25.0
2423,6.0,13.0,17.0,12.0,9.0,8.0,6.0,10.0,15.0,22.0
2424,4.0,14.0,12.0,13.0,9.0,8.0,8.0,11.0,15.0,17.0
2425,4.0,13.0,11.0,9.0,8.0,8.0,9.0,12.0,17.0,14.0
2426,5.0,14.0,10.0,8.0,6.0,8.0,10.0,12.0,17.0,14.0
2427,7.0,16.0,10.0,10.0,6.0,7.0,10.0,14.0,16.0,13.0
2428,6.0,12.0,8.0,9.0,7.0,7.0,8.0,10.0,14.0,14.0
2429,7.0,11.0,8.0,12.0,2.0,7.0,10.0,11.0,12.0,15.0
2430,6.0,11.0,11.0,13.0,3.0,6.0,9.0,10.0,11.0,18.0
2431,7.0,11.0,12.0,15.0,4.0,6.0,8.0,12.0,12.0,17.0
2432,7.0,11.0,11.0,16.0,6.0,8.0,6.0,10.0,11.0,14.0
2433,5.0,11.0,9.0,16.0,7.0,3.0,3.0,8.0,14.0,9.0
2434,5.0,12.0,10.0,14.0,7.0,5.0,4.0,6.0,13.0,8.0
2435,5.0,12.0,9.0,15.0,9.0,4.0,7.0,7.0,11.0,6.0
2436,6.0,15.0,8.0,14.0,11.0,3.0,7.0,8.0,13.0,5.0
2437,6.0,15.0,8.0,14.0,13.0,6.0,8.0,9.0,13.0,7.0
2438,6.0,13.0,9.0,12.0,12.0,4.0,10.0,8.0,11.0,9.0
2439,7.0,13.0,11.0,11.0,12.0,2.0,6.0,7.0,7.0,12.0
2440,8.0,13.0,11.0,10.0,11.0,2.0,8.0,8.0,6.0,12.0
2441,9.0,16.0,11.0,11.0,10.0,4.0,9.0,12.0,7.0,15.0
2442,9.0,17.0,10.0,12.0,9.0,4.0,8.0,14.0,8.0,16.0
2443,8.0,16.0,10.0,11.0,5.0,5.0,3.0,10.0,10.0,12.0
2444,8.0,16.0,6.0,13.0,5.0,9.0,3.0,10.0,12.0,12.0
2445,7.0,14.0,6.0,12.0,6.0,7.0,6.0,10.0,14.0,11.0
2446,10.0,14.0,8.0,14.0,7.0,6.0,8.0,8.0,17.0,11.0
2447,11.0,14.0,11.0,16.0,4.0,8.0,9.0,7.0,17.0,13.0
2448,11.0,11.0,11.0,16.0,4.0,7.0,9.0,5.0,15.0,11.0
2449,13.0,10.0,10.0,16.0,3.0,6.0,7.0,6.0,11.0,13.0
2450,13.0,11.0,8.0,16.0,3.0,2.0,8.0,6.0,12.0,14.0
2451,15.0,12.0,12.0,14.0,4.0,5.0,10.0,5.0,11.0,11.0
2452,14.0,16.0,13.0,14.0,5.0,6.0,11.0,5.0,10.0,14.0
2453,15.0,14.0,10.0,13.0,4.0,3.0,7.0,3.0,9.0,13.0
2454,15.0,14.0,10.0,13.0,9.0,3.0,8.0,1.0,10.0,13.0
2455,15.0,16.0,14.0,11.0,10.0,7.0,8.0,3.0,8.0,12.0
2456,18.0,17.0,17.0,13.0,12.0,6.0,10.0,4.0,10.0,15.0
2457,17.0,18.0,20.0,14.0,12.0,4.0,11.0,8.0,12.0,16.0
2458,15.0,16.0,17.0,14.0,10.0,4.0,9.0,4.0,12.0,14.0
2459,13.0,15.0,14.0,14.0,10.0,4.0,11.0,4.0,13.0,15.0
2460,14.0,12.0,15.0,14.0,8.0,7.0,9.0,5.0,15.0,12.0
2461,14.0,11.0,14.0,14.0,7.0,6.0,12.0,6.0,16.0,11.0
2462,15.0,9.0,12.0,13.0,6.0,10.0,16.0,7.0,15.0,11.0
2463,12.0,8.0,12.0,12.0,4.0,6.0,13.0,8.0,10.0,9.0
2464,11.0,9.0,10.0,10.0,7.0,8.0,13.0,5.0,9.0,10.0
2465,11.0,10.0,12.0,10.0,11.0,8.0,14.0,7.0,8.0,9.0
2466,12.0,11.0,17.0,12.0,14.0,9.0,16.0,10.0,12.0,12.0
2467,12.0,14.0,16.0,13.0,16.0,13.0,16.0,9.0,16.0,11.0
2468,10.0,12.0,17.0,8.0,12.0,14.0,14.0,7.0,12.0,9.0
2469,10.0,15.0,19.0,9.0,13.0,12.0,12.0,7.0,12.0,12.0
2470,9.0,13.0,16.0,10.0,15.0,13.0,10.0,5.0,9.0,12.0
2471,9.0,14.0,17.0,8.0,15.0,14.0,9.0,4.0,9.0,14.0
2472,11.0,15.0,18.0,10.0,18.0,18.0,12.0,7.0,9.0,15.0
2473,11.0,14.0,15.0,10.0,18.0,15.0,9.0,5.0,6.0,12.0
2474,11.0,13.0,11.0,13.0,19.0,16.0,11.0,4.0,8.0,11.0
2475,10.0,16.0,13.0,12.0,19.0,16.0,11.0,3.0,8.0,11.0
2476,12.0,16.0,14.0,12.0,22.0,16.0,14.0,6.0,11.0,13.0
2477,13.0,14.0,15.0,13.0,22.0,14.0,16.0,8.0,13.0,14.0
2478,11.0,11.0,11.0,9.0,20.0,9.0,15.0,6.0,9.0,14.0
2479,14.0,9.0,14.0,9.0,18.0,8.0,12.0,10.0,8.0,18.0
2480,16.0,10.0,14.0,9.0,20.0,10.0,11.0,10.0,11.0,19.0
2481,16.0,12.0,14.0,8.0,20.0,11.0,12.0,10.0,12.0,16.0
2482,18.0,12.0,15.0,10.0,19.0,11.0,12.0,10.0,11.0,17.0
2483,12.0,9.0,12.0,7.0,12.0,9.0,11.0,7.0,8.0,16.0
2484,13.0,9.0,14.0,7.0,12.0,12.0,14.0,10.0,10.0,14.0
2485,11.0,10.0,17.0,6.0,13.0,12.0,13.0,11.0,6.0,11.0
2486,11.0,5.0,18.0,7.0,13.0,14.0,11.0,11.0,8.0,11.0
2487,11.0,4.0,19.0,7.0,14.0,15.0,15.0,12.0,6.0,14.0
2488,8.0,5.0,19.0,6.0,14.0,12.0,13.0,11.0,4.0,10.0
2489,9.0,7.0,16.0,6.0,14.0,10.0,11.0,11.0,6.0,9.0
2490,12.0,7.0,16.0,7.0,15.0,8.0,10.0,11.0,5.0,12.0
2491,14.0,6.0,16.0,6.0,16.0,10.0,12.0,12.0,5.0,10.0
2492,14.0,9.0,18.0,6.0,19.0,11.0,14.0,11.0,5.0,10.0
2493,13.0,9.0,16.0,5.0,15.0,8.0,12.0,11.0,2.0,10.0
2494,11.0,6.0,16.0,4.0,13.0,12.0,14.0,11.0,5.0,8.0
2495,11.0,8.0,17.0,5.0,11.0,13.0,16.0,11.0,4.0,8.0
2496,13.0,12.0,16.0,5.0,13.0,12.0,18.0,12.0,6.0,8.0
2497,11.0,11.0,15.0,9.0,12.0,13.0,20.0,12.0,7.0,9.0
2498,9.0,10.0,12.0,6.0,10.0,11.0,17.0,11.0,7.0,6.0
2499,7.0,7.0,12.0,8.0,10.0,11.0,14.0,10.0,9.0,7.0
2500,8.0,6.0,14.0,7.0,10.0,10.0,11.0,10.0,9.0,8.0
2501,7.0,9.0,14.0,7.0,13.0,13.0,14.0,11.0,10.0,9.0
2502,8.0,11.0,16.0,12.0,13.0,15.0,13.0,13.0,10.0,8.0
2503,7.0,11.0,13.0,12.0,11.0,14.0,12.0,12.0,12.0,9.0
2504,9.0,11.0,13.0,12.0,12.0,12.0,11.0,12.0,9.0,7.0
2505,10.0,13.0,13.0,13.0,13.0,17.0,14.0,12.0,9.0,8.0
2506,10.0,12.0,12.0,13.0,12.0,17.0,16.0,12.0,9.0,8.0
2507,11.0,11.0,10.0,16.0,12.0,20.0,17.0,14.0,10.0,11.0
2508,8.0,9.0,10.0,11.0,13.0,18.0,15.0,9.0,7.0,4.0
2509,7.0,10.0,11.0,8.0,10.0,17.0,13.0,7.0,10.0,3.0
2510,6.0,9.0,12.0,7.0,9.0,15.0,13.0,8.0,9.0,4.0
2511,7.0,11.0,14.0,9.0,13.0,14.0,13.0,8.0,13.0,5.0
2512,6.0,9.0,22.0,9.0,12.0,15.0,14.0,9.0,18.0,8.0
2513,3.0,10.0,15.0,10.0,13.0,15.0,10.0,7.0,16.0,7.0
2514,3.0,10.0,13.0,13.0,8.0,14.0,10.0,7.0,13.0,7.0
2515,5.0,10.0,12.0,12.0,8.0,13.0,11.0,5.0,13.0,3.0
2516,10.0,11.0,15.0,11.0,10.0,11.0,13.0,8.0,12.0,5.0
2517,10.0,13.0,12.0,11.0,9.0,10.0,12.0,9.0,13.0,8.0
2518,5.0,12.0,15.0,9.0,12.0,9.0,11.0,9.0,14.0,8.0
2519,7.0,14.0,13.0,10.0,10.0,6.0,14.0,11.0,10.0,8.0
2520,12.0,14.0,10.0,10.0,11.0,9.0,14.0,10.0,11.0,9.0
2521,9.0,16.0,11.0,11.0,12.0,10.0,16.0,12.0,11.0,10.0
2522,7.0,17.0,11.0,12.0,12.0,12.0,19.0,13.0,13.0,11.0
2523,6.0,16.0,9.0,12.0,12.0,8.0,16.0,9.0,13.0,13.0
2524,5.0,17.0,10.0,13.0,13.0,11.0,14.0,8.0,12.0,9.0
2525,6.0,15.0,10.0,12.0,14.0,11.0,13.0,6.0,11.0,8.0
2526,8.0,15.0,10.0,13.0,13.0,13.0,13.0,7.0,11.0,9.0
2527,11.0,14.0,8.0,14.0,15.0,13.0,13.0,6.0,13.0,11.0
2528,5.0,10.0,8.0,15.0,12.0,10.0,12.0,5.0,14.0,8.0
2529,4.0,12.0,4.0,15.0,11.0,8.0,12.0,4.0,18.0,11.0
2530,6.0,14.0,5.0,16.0,10.0,5.0,13.0,3.0,17.0,14.0
2531,6.0,13.0,6.0,17.0,9.0,5.0,12.0,5.0,18.0,15.0
2532,6.0,15.0,8.0,19.0,10.0,6.0,12.0,5.0,17.0,15.0
2533,6.0,15.0,8.0,15.0,5.0,5.0,13.0,5.0,15.0,16.0
2534,6.0,12.0,7.0,13.0,7.0,4.0,13.0,7.0,16.0,15.0
2535,5.0,12.0,9.0,12.0,8.0,9.0,12.0,7.0,13.0,15.0
2536,6.0,12.0,10.0,11.0,9.0,9.0,15.0,8.0,10.0,15.0
2537,9.0,14.0,8.0,10.0,10.0,12.0,16.0,8.0,11.0,13.0
2538,5.0,12.0,8.0,10.0,5.0,9.0,15.0,6.0,14.0,8.0
2539,4.0,16.0,8.0,9.0,4.0,10.0,17.0,4.0,13.0,6.0
2540,4.0,19.0,10.0,12.0,4.0,6.0,16.0,5.0,13.0,6.0
2541,8.0,20.0,10.0,10.0,3.0,5.0,15.0,6.0,11.0,7.0
2542,8.0,21.0,10.0,11.0,4.0,6.0,16.0,8.0,11.0,8.0
2543,10.0,19.0,9.0,10.0,5.0,4.0,14.0,5.0,10.0,3.0
2544,10.0,16.0,11.0,7.0,7.0,4.0,12.0,5.0,9.0,4.0
2545,8.0,17.0,12.0,7.0,6.0,3.0,13.0,4.0,12.0,6.0
2546,8.0,19.0,11.0,9.0,7.0,4.0,15.0,3.0,12.0,11.0
2547,11.0,20.0,8.0,9.0,10.0,8.0,17.0,4.0,12.0,13.0
2548,12.0,18.0,6.0,8.0,6.0,10.0,15.0,6.0,14.0,12.0
2549,12.0,19.0,6.0,10.0,7.0,11.0,15.0,3.0,13.0,13.0
2550,13.0,20.0,10.0,8.0,8.0,11.0,15.0,4.0,13.0,16.0
2551,16.0,20.0,12.0,10.0,8.0,12.0,13.0,5.0,15.0,17.0
2552,16.0,19.0,12.0,10.0,10.0,13.0,14.0,7.0,14.0,15.0
2553,13.0,17.0,10.0,8.0,10.0,9.0,13.0,6.0,14.0,15.0
2554,11.0,17.0,14.0,8.0,9.0,12.0,11.0,7.0,10.0,13.0
2555,12.0,15.0,16.0,7.0,7.0,12.0,13.0,6.0,10.0,11.0
2556,13.0,15.0,14.0,11.0,8.0,13.0,13.0,8.0,14.0,10.0
2557,14.0,12.0,14.0,11.0,10.0,11.0,16.0,10.0,16.0,7.0
2558,12.0,8.0,12.0,9.0,8.0,13.0,10.0,6.0,15.0,7.0
2559,13.0,10.0,10.0,7.0,11.0,11.0,13.0,4.0,18.0,6.0
2560,14.0,9.0,10.0,8.0,9.0,10.0,14.0,5.0,14.0,9.0
2561,17.0,9.0,10.0,9.0,11.0,10.0,14.0,8.0,18.0,9.0
2562,17.0,12.0,14.0,13.0,13.0,12.0,16.0,8.0,15.0,12.0
2563,14.0,11.0,13.0,9.0,11.0,12.0,14.0,7.0,11.0,10.0
2564,15.0,13.0,16.0,7.0,8.0,11.0,12.0,6.0,14.0,11.0
2565,14.0,14.0,17.0,9.0,8.0,12.0,10.0,7.0,15.0,10.0
2566,14.0,17.0,16.0,10.0,11.0,13.0,7.0,7.0,14.0,11.0
2567,14.0,18.0,13.0,8.0,12.0,13.0,7.0,5.0,15.0,14.0
2568,11.0,14.0,12.0,5.0,13.0,13.0,5.0,6.0,14.0,14.0
2569,12.0,14.0,11.0,5.0,11.0,13.0,5.0,5.0,11.0,13.0
2570,13.0,15.0,13.0,3.0,13.0,14.0,6.0,10.0,9.0,15.0
2571,15.0,13.0,14.0,4.0,12.0,14.0,10.0,10.0,13.0,13.0
2572,14.0,14.0,14.0,3.0,10.0,17.0,8.0,12.0,12.0,13.0
2573,14.0,10.0,14.0,3.0,7.0,14.0,4.0,11.0,12.0,11.0
2574,13.0,10.0,14.0,5.0,8.0,14.0,3.0,8.0,12.0,10.0
2575,12.0,10.0,15.0,7.0,6.0,13.0,4.0,9.0,14.0,10.0
2576,14.0,12.0,15.0,8.0,9.0,16.0,7.0,11.0,12.0,10.0
2577,14.0,15.0,16.0,6.0,9.0,15.0,8.0,13.0,14.0,8.0
2578,12.0,13.0,14.0,6.0,9.0,14.0,7.0,9.0,13.0,7.0
2579,13.0,14.0,12.0,4.0,9.0,12.0,6.0,10.0,14.0,6.0
2580,13.0,14.0,12.0,4.0,11.0,11.0,8.0,12.0,14.0,6.0
2581,12.0,18.0,10.0,6.0,12.0,11.0,10.0,14.0,15.0,7.0
2582,10.0,18.0,12.0,7.0,13.0,11.0,10.0,15.0,17.0,9.0
2583,8.0,12.0,9.0,3.0,12.0,12.0,9.0,11.0,12.0,8.0
2584,6.0,10.0,10.0,5.0,10.0,10.0,7.0,11.0,11.0,9.0
2585,6.0,10.0,12.0,4.0,9.0,10.0,6.0,11.0,13.0,8.0
2586,7.0,11.0,12.0,6.0,8.0,10.0,7.0,13.0,11.0,11.0
2587,11.0,11.0,13.0,7.0,8.0,11.0,7.0,15.0,11.0,13.0
2588,10.0,10.0,13.0,8.0,8.0,8.0,6.0,13.0,12.0,8.0
2589,10.0,13.0,12.0,7.0,9.0,7.0,9.0,13.0,13.0,6.0
2590,12.0,16.0,10.0,8.0,10.0,10.0,11.0,13.0,11.0,5.0
2591,11.0,14.0,10.0,7.0,12.0,9.0,13.0,14.0,12.0,5.0
2592,11.0,16.0,13.0,6.0,12.0,10.0,13.0,14.0,14.0,5.0
2593,9.0,11.0,9.0,4.0,13.0,10.0,9.0,11.0,7.0,5.0
2594,7.0,8.0,11.0,4.0,11.0,9.0,11.0,9.0,6.0,6.0
2595,7.0,7.0,10.0,6.0,13.0,12.0,9.0,7.0,6.0,7.0
2596,6.0,7.0,13.0,5.0,18.0,15.0,12.0,6.0,6.0,8.0
2597,5.0,8.0,11.0,7.0,18.0,13.0,13.0,8.0,8.0,8.0
2598,5.0,7.0,11.0,7.0,14.0,12.0,11.0,9.0,7.0,6.0
2599,7.0,9.0,10.0,7.0,13.0,12.0,12.0,10.0,6.0,5.0
2600,5.0,10.0,7.0,7.0,12.0,11.0,15.0,10.0,7.0,7.0
2601,3.0,11.0,8.0,9.0,11.0,10.0,13.0,12.0,8.0,9.0
2602,4.0,10.0,10.0,11.0,13.0,12.0,13.0,13.0,10.0,10.0
2603,3.0,8.0,9.0,11.0,9.0,9.0,10.0,14.0,7.0,6.0
2604,4.0,7.0,10.0,10.0,9.0,9.0,10.0,13.0,7.0,6.0
2605,6.0,9.0,11.0,12.0,9.0,9.0,10.0,15.0,5.0,6.0
2606,7.0,14.0,14.0,13.0,8.0,11.0,6.0,18.0,6.0,6.0
2607,8.0,14.0,15.0,11.0,9.0,12.0,6.0,16.0,8.0,7.0
2608,9.0,11.0,11.0,12.0,7.0,11.0,4.0,15.0,6.0,4.0
2609,9.0,9.0,11.0,11.0,7.0,11.0,6.0,16.0,5.0,3.0
2610,8.0,7.0,9.0,11.0,8.0,14.0,8.0,17.0,5.0,3.0
2611,12.0,9.0,10.0,14.0,9.0,16.0,8.0,17.0,8.0,7.0
2612,14.0,11.0,11.0,16.0,12.0,15.0,9.0,18.0,8.0,9.0
2613,11.0,11.0,10.0,13.0,13.0,13.0,7.0,16.0,8.0,8.0
2614,12.0,15.0,11.0,13.0,11.0,11.0,8.0,12.0,11.0,9.0
2615,12.0,16.0,13.0,15.0,8.0,7.0,7.0,8.0,12.0,7.0
2616,10.0,18.0,12.0,16.0,12.0,6.0,9.0,12.0,13.0,9.0
2617,8.0,19.0,13.0,19.0,12.0,7.0,11.0,12.0,12.0,10.0
2618,7.0,17.0,14.0,18.0,11.0,5.0,9.0,12.0,12.0,9.0
2619,8.0,18.0,14.0,19.0,12.0,3.0,12.0,12.0,10.0,11.0
2620,6.0,17.0,14.0,20.0,11.0,5.0,12.0,10.0,8.0,14.0
2621,7.0,17.0,14.0,22.0,15.0,5.0,10.0,7.0,8.0,15.0
2622,6.0,15.0,14.0,25.0,16.0,6.0,13.0,7.0,6.0,15.0
2623,5.0,8.0,8.0,20.0,12.0,7.0,10.0,2.0,4.0,16.0
2624,5.0,7.0,9.0,19.0,12.0,7.0,10.0,3.0,7.0,16.0
2625,6.0,12.0,9.0,22.0,11.0,7.0,9.0,5.0,10.0,14.0
2626,10.0,11.0,9.0,23.0,15.0,8.0,11.0,7.0,10.0,15.0
2627,9.0,13.0,15.0,24.0,16.0,8.0,12.0,5.0,12.0,17.0
2628,6.0,9.0,13.0,20.0,15.0,6.0,10.0,6.0,10.0,15.0
2629,7.0,8.0,12.0,17.0,11.0,9.0,12.0,5.0,11.0,15.0
2630,9.0,9.0,10.0,12.0,9.0,9.0,13.0,5.0,11.0,14.0
2631,6.0,13.0,13.0,14.0,8.0,6.0,15.0,9.0,11.0,16.0
2632,7.0,13.0,12.0,14.0,8.0,6.0,15.0,10.0,9.0,16.0
2633,4.0,13.0,8.0,11.0,6.0,6.0,14.0,9.0,5.0,12.0
2634,4.0,14.0,7.0,12.0,5.0,4.0,14.0,6.0,3.0,12.0
2635,5.0,14.0,10.0,15.0,7.0,4.0,14.0,10.0,4.0,14.0
2636,5.0,16.0,11.0,14.0,5.0,3.0,15.0,10.0,5.0,14.0
2637,5.0,14.0,12.0,15.0,8.0,6.0,15.0,11.0,7.0,17.0
2638,5.0,14.0,13.0,13.0,6.0,6.0,11.0,8.0,6.0,13.0
2639,6.0,13.0,12.0,13.0,4.0,7.0,10.0,9.0,7.0,10.0
2640,8.0,12.0,10.0,15.0,6.0,9.0,10.0,10.0,4.0,11.0
2641,6.0,14.0,14.0,15.0,7.0,12.0,9.0,12.0,4.0,10.0
2642,9.0,17.0,15.0,16.0,8.0,15.0,9.0,12.0,4.0,12.0
2643,4.0,14.0,10.0,11.0,9.0,12.0,12.0,9.0,3.0,10.0
2644,7.0,11.0,9.0,10.0,8.0,10.0,9.0,7.0,9.0,9.0
2645,5.0,11.0,13.0,8.0,12.0,9.0,8.0,8.0,6.0,7.0
2646,4.0,11.0,18.0,11.0,12.0,9.0,11.0,7.0,5.0,5.0
2647,3.0,10.0,19.0,13.0,11.0,9.0,12.0,8.0,5.0,4.0
2648,5.0,9.0,17.0,12.0,10.0,7.0,10.0,8.0,6.0,1.0
2649,2.0,10.0,15.0,11.0,8.0,5.0,10.0,10.0,4.0,2.0
2650,2.0,10.0,11.0,14.0,7.0,8.0,12.0,9.0,4.0,2.0
2651,5.0,10.0,13.0,14.0,8.0,8.0,12.0,10.0,3.0,3.0
2652,6.0,11.0,14.0,16.0,8.0,7.0,11.0,12.0,4.0,5.0
2653,5.0,8.0,13.0,14.0,8.0,5.0,7.0,10.0,7.0,4.0
2654,9.0,6.0,14.0,13.0,11.0,2.0,7.0,10.0,6.0,4.0
2655,10.0,8.0,17.0,15.0,10.0,4.0,4.0,11.0,6.0,6.0
2656,9.0,9.0,18.0,16.0,11.0,4.0,4.0,15.0,9.0,5.0
2657,10.0,9.0,18.0,16.0,13.0,7.0,5.0,14.0,7.0,7.0
2658,8.0,8.0,17.0,13.0,11.0,8.0,7.0,9.0,9.0,5.0
2659,7.0,5.0,15.0,10.0,11.0,11.0,8.0,10.0,10.0,5.0
2660,5.0,4.0,13.0,8.0,9.0,13.0,10.0,9.0,8.0,6.0
2661,6.0,3.0,14.0,9.0,9.0,13.0,11.0,11.0,10.0,7.0
2662,7.0,5.0,14.0,8.0,10.0,15.0,13.0,10.0,12.0,7.0
2663,6.0,3.0,14.0,7.0,7.0,15.0,10.0,9.0,10.0,7.0
2664,9.0,3.0,15.0,10.0,9.0,13.0,13.0,10.0,12.0,7.0
2665,11.0,7.0,17.0,11.0,11.0,12.0,11.0,10.0,14.0,5.0
2666,12.0,8.0,17.0,9.0,11.0,14.0,11.0,10.0,14.0,6.0
2667,14.0,8.0,17.0,10.0,11.0,16.0,11.0,12.0,15.0,7.0
2668,13.0,7.0,17.0,4.0,11.0,10.0,11.0,11.0,13.0,5.0
2669,14.0,7.0,17.0,8.0,9.0,12.0,7.0,9.0,12.0,5.0
2670,17.0,7.0,17.0,8.0,9.0,12.0,8.0,9.0,12.0,4.0
2671,19.0,9.0,18.0,13.0,7.0,11.0,6.0,8.0,14.0,2.0
2672,20.0,11.0,18.0,13.0,7.0,13.0,5.0,9.0,13.0,2.0
2673,15.0,7.0,16.0,9.0,3.0,10.0,4.0,8.0,9.0,4.0
2674,16.0,4.0,16.0,10.0,2.0,9.0,6.0,9.0,10.0,5.0
2675,14.0,7.0,15.0,11.0,3.0,10.0,6.0,10.0,12.0,6.0
2676,16.0,6.0,12.0,11.0,4.0,12.0,7.0,13.0,11.0,8.0
2677,19.0,6.0,14.0,10.0,5.0,14.0,7.0,12.0,11.0,11.0
2678,16.0,6.0,13.0,9.0,7.0,12.0,7.0,9.0,8.0,9.0
2679,14.0,4.0,13.0,8.0,7.0,13.0,9.0,8.0,10.0,8.0
2680,13.0,4.0,15.0,9.0,11.0,15.0,11.0,10.0,9.0,11.0
2681,13.0,6.0,15.0,9.0,11.0,14.0,14.0,13.0,12.0,8.0
2682,12.0,7.0,15.0,9.0,10.0,15.0,14.0,11.0,13.0,8.0
2683,10.0,9.0,15.0,8.0,10.0,12.0,12.0,10.0,10.0,9.0
2684,11.0,9.0,13.0,8.0,8.0,10.0,13.0,9.0,9.0,8.0
2685,12.0,13.0,11.0,10.0,6.0,11.0,13.0,10.0,10.0,11.0
2686,11.0,14.0,12.0,11.0,4.0,12.0,15.0,11.0,8.0,14.0
2687,11.0,16.0,12.0,12.0,7.0,13.0,16.0,11.0,8.0,12.0
2688,9.0,14.0,11.0,13.0,4.0,11.0,13.0,10.0,5.0,12.0
2689,9.0,13.0,11.0,11.0,4.0,12.0,16.0,12.0,2.0,11.0
2690,12.0,11.0,9.0,11.0,4.0,14.0,17.0,13.0,2.0,11.0
2691,15.0,13.0,10.0,10.0,5.0,14.0,18.0,12.0,4.0,12.0
2692,14.0,15.0,14.0,11.0,6.0,15.0,18.0,14.0,5.0,12.0
2693,11.0,10.0,14.0,7.0,3.0,14.0,20.0,10.0,4.0,10.0
2694,13.0,11.0,13.0,5.0,5.0,12.0,16.0,9.0,3.0,9.0
2695,13.0,12.0,14.0,10.0,5.0,13.0,15.0,7.0,6.0,12.0
2696,10.0,12.0,18.0,6.0,8.0,14.0,17.0,7.0,6.0,12.0
2697,10.0,12.0,19.0,6.0,11.0,14.0,16.0,9.0,5.0,13.0
2698,9.0,12.0,17.0,8.0,9.0,11.0,11.0,7.0,5.0,13.0
2699,8.0,10.0,16.0,10.0,4.0,12.0,11.0,9.0,5.0,13.0
2700,10.0,10.0,14.0,11.0,3.0,13.0,15.0,8.0,5.0,13.0
2701,12.0,11.0,14.0,14.0,4.0,10.0,14.0,9.0,5.0,14.0
2702,12.0,14.0,14.0,15.0,5.0,10.0,17.0,10.0,6.0,17.0
2703,9.0,10.0,11.0,10.0,6.0,7.0,15.0,10.0,4.0,14.0
2704,12.0,11.0,12.0,9.0,7.0,8.0,13.0,9.0,4.0,14.0
2705,14.0,13.0,14.0,9.0,10.0,7.0,15.0,9.0,6.0,15.0
2706,14.0,17.0,12.0,7.0,13.0,9.0,16.0,9.0,6.0,16.0
2707,14.0,17.0,13.0,6.0,11.0,9.0,14.0,9.0,6.0,16.0
2708,12.0,15.0,12.0,7.0,11.0,9.0,12.0,6.0,5.0,14.0
2709,10.0,16.0,10.0,8.0,9.0,9.0,14.0,6.0,3.0,13.0
2710,10.0,15.0,10.0,10.0,8.0,11.0,13.0,5.0,4.0,14.0
2711,10.0,15.0,10.0,12.0,11.0,10.0,12.0,8.0,6.0,14.0
2712,11.0,15.0,10.0,14.0,14.0,9.0,14.0,7.0,7.0,15.0
2713,13.0,12.0,10.0,13.0,9.0,8.0,10.0,6.0,7.0,10.0
2714,13.0,13.0,12.0,14.0,9.0,4.0,12.0,4.0,9.0,12.0
2715,15.0,13.0,13.0,14.0,10.0,2.0,10.0,4.0,9.0,10.0
2716,12.0,11.0,17.0,14.0,13.0,2.0,10.0,4.0,9.0,7.0
2717,14.0,12.0,15.0,12.0,12.0,3.0,12.0,5.0,10.0,9.0
2718,10.0,10.0,14.0,10.0,12.0,2.0,11.0,2.0,7.0,10.0
2719,8.0,7.0,14.0,8.0,12.0,3.0,11.0,1.0,8.0,11.0
2720,9.0,10.0,15.0,9.0,13.0,4.0,12.0,4.0,9.0,14.0
2721,11.0,11.0,15.0,8.0,18.0,6.0,14.0,6.0,11.0,13.0
2722,12.0,15.0,14.0,7.0,19.0,6.0,18.0,10.0,14.0,14.0
2723,11.0,10.0,9.0,10.0,18.0,6.0,14.0,10.0,10.0,13.0
2724,7.0,10.0,9.0,10.0,19.0,7.0,14.0,10.0,13.0,10.0
2725,6.0,12.0,11.0,12.0,20.0,4.0,13.0,10.0,12.0,8.0
2726,9.0,11.0,13.0,14.0,21.0,2.0,13.0,12.0,10.0,9.0
2727,8.0,11.0,10.0,16.0,22.0,3.0,14.0,10.0,13.0,8.0
2728,9.0,8.0,8.0,15.0,20.0,2.0,11.0,9.0,11.0,3.0
2729,10.0,9.0,8.0,13.0,18.0,3.0,12.0,7.0,11.0,5.0
2730,11.0,10.0,9.0,12.0,15.0,5.0,13.0,9.0,11.0,6.0
2731,13.0,12.0,8.0,10.0,14.0,7.0,13.0,7.0,12.0,4.0
2732,9.0,10.0,7.0,11.0,15.0,8.0,13.0,10.0,13.0,5.0
2733,6.0,7.0,8.0,6.0,11.0,5.0,14.0,8.0,12.0,5.0
2734,4.0,7.0,8.0,8.0,11.0,3.0,9.0,8.0,15.0,5.0
2735,3.0,8.0,8.0,11.0,12.0,4.0,9.0,11.0,13.0,6.0
2736,6.0,8.0,9.0,10.0,13.0,5.0,15.0,11.0,16.0,5.0
2737,10.0,8.0,9.0,10.0,15.0,7.0,18.0,13.0,19.0,6.0
2738,11.0,7.0,7.0,10.0,14.0,4.0,14.0,12.0,17.0,5.0
2739,12.0,6.0,6.0,9.0,14.0,6.0,15.0,12.0,16.0,3.0
2740,12.0,4.0,9.0,9.0,11.0,8.0,15.0,10.0,16.0,5.0
2741,12.0,4.0,7.0,13.0,9.0,4.0,14.0,11.0,15.0,5.0
2742,14.0,6.0,7.0,14.0,12.0,6.0,14.0,11.0,15.0,6.0
2743,13.0,4.0,6.0,9.0,10.0,6.0,13.0,12.0,15.0,7.0
2744,12.0,9.0,6.0,9.0,14.0,10.0,11.0,9.0,15.0,6.0
2745,11.0,10.0,8.0,9.0,12.0,8.0,11.0,9.0,12.0,4.0
2746,14.0,10.0,7.0,8.0,10.0,9.0,13.0,12.0,15.0,6.0
2747,14.0,13.0,4.0,11.0,12.0,9.0,15.0,15.0,15.0,8.0
2748,9.0,13.0,3.0,9.0,10.0,7.0,14.0,13.0,15.0,8.0
2749,7.0,13.0,3.0,9.0,9.0,9.0,15.0,16.0,17.0,8.0
2750,8.0,15.0,2.0,11.0,8.0,14.0,17.0,15.0,18.0,9.0
2751,9.0,14.0,4.0,11.0,10.0,14.0,17.0,19.0,17.0,11.0
2752,9.0,14.0,7.0,9.0,13.0,14.0,15.0,19.0,16.0,15.0
2753,9.0,12.0,7.0,9.0,8.0,14.0,16.0,17.0,14.0,14.0
2754,11.0,8.0,5.0,9.0,7.0,15.0,15.0,16.0,14.0,12.0
2755,10.0,6.0,5.0,10.0,7.0,15.0,17.0,15.0,13.0,12.0
2756,7.0,10.0,7.0,10.0,7.0,16.0,17.0,15.0,13.0,13.0
2757,5.0,10.0,7.0,10.0,7.0,15.0,16.0,17.0,13.0,13.0
2758,5.0,9.0,4.0,10.0,10.0,11.0,13.0,12.0,11.0,13.0
2759,5.0,8.0,4.0,9.0,9.0,12.0,10.0,12.0,13.0,13.0
2760,5.0,12.0,4.0,8.0,10.0,13.0,9.0,13.0,13.0,14.0
2761,8.0,11.0,7.0,6.0,11.0,11.0,9.0,13.0,16.0,14.0
2762,11.0,12.0,7.0,7.0,12.0,12.0,9.0,16.0,15.0,15.0
2763,10.0,11.0,6.0,8.0,10.0,13.0,8.0,15.0,14.0,15.0
2764,9.0,10.0,9.0,9.0,8.0,13.0,9.0,14.0,14.0,13.0
2765,8.0,10.0,10.0,11.0,10.0,12.0,7.0,15.0,13.0,12.0
2766,8.0,13.0,12.0,8.0,8.0,12.0,9.0,14.0,13.0,15.0
2767,10.0,12.0,14.0,9.0,8.0,13.0,9.0,17.0,11.0,14.0
2768,13.0,9.0,12.0,7.0,8.0,10.0,9.0,14.0,10.0,11.0
2769,15.0,12.0,13.0,7.0,10.0,9.0,6.0,17.0,6.0,14.0
2770,14.0,13.0,13.0,4.0,11.0,8.0,7.0,16.0,7.0,14.0
2771,16.0,14.0,13.0,4.0,12.0,8.0,6.0,18.0,6.0,15.0
2772,16.0,14.0,16.0,4.0,11.0,7.0,8.0,18.0,8.0,15.0
2773,13.0,13.0,13.0,2.0,9.0,8.0,6.0,15.0,8.0,15.0
2774,11.0,11.0,14.0,5.0,11.0,7.0,8.0,12.0,8.0,13.0
2775,9.0,11.0,16.0,4.0,10.0,8.0,6.0,12.0,8.0,12.0
2776,10.0,13.0,20.0,6.0,8.0,12.0,7.0,14.0,9.0,11.0
2777,14.0,16.0,21.0,6.0,14.0,13.0,8.0,15.0,9.0,12.0
2778,11.0,11.0,21.0,5.0,12.0,10.0,3.0,14.0,11.0,12.0
2779,13.0,11.0,18.0,3.0,9.0,6.0,4.0,12.0,10.0,11.0
2780,12.0,12.0,19.0,3.0,11.0,10.0,4.0,12.0,10.0,13.0
2781,12.0,13.0,20.0,2.0,8.0,9.0,5.0,11.0,10.0,16.0
2782,12.0,17.0,21.0,2.0,9.0,9.0,6.0,12.0,8.0,15.0
2783,13.0,13.0,17.0,3.0,8.0,10.0,6.0,11.0,9.0,12.0
2784,13.0,13.0,16.0,4.0,10.0,9.0,4.0,14.0,11.0,16.0
2785,14.0,12.0,17.0,4.0,12.0,6.0,4.0,14.0,10.0,15.0
2786,13.0,11.0,19.0,3.0,15.0,7.0,4.0,14.0,11.0,15.0
2787,13.0,14.0,17.0,3.0,14.0,7.0,7.0,15.0,10.0,15.0
2788,11.0,12.0,13.0,4.0,15.0,8.0,8.0,11.0,7.0,10.0
2789,12.0,14.0,14.0,4.0,13.0,10.0,7.0,10.0,6.0,11.0
2790,13.0,16.0,17.0,5.0,12.0,10.0,7.0,9.0,3.0,10.0
2791,13.0,15.0,21.0,8.0,14.0,11.0,9.0,13.0,4.0,12.0
2792,13.0,19.0,23.0,10.0,15.0,9.0,6.0,14.0,5.0,11.0
2793,11.0,17.0,16.0,10.0,14.0,7.0,6.0,10.0,2.0,10.0
2794,15.0,17.0,11.0,9.0,14.0,6.0,5.0,15.0,4.0,6.0
2795,14.0,15.0,10.0,8.0,14.0,5.0,3.0,13.0,6.0,6.0
2796,15.0,16.0,8.0,9.0,12.0,8.0,6.0,13.0,6.0,8.0
2797,16.0,16.0,9.0,10.0,13.0,7.0,5.0,10.0,8.0,11.0
2798,13.0,11.0,7.0,7.0,13.0,6.0,5.0,9.0,6.0,10.0
2799,11.0,12.0,11.0,8.0,14.0,5.0,7.0,7.0,4.0,12.0
2800,13.0,11.0,15.0,8.0,14.0,8.0,10.0,6.0,6.0,11.0
2801,11.0,12.0,17.0,12.0,15.0,7.0,11.0,5.0,6.0,13.0
2802,11.0,13.0,19.0,13.0,17.0,7.0,15.0,8.0,5.0,16.0
2803,10.0,15.0,17.0,9.0,12.0,7.0,13.0,8.0,3.0,15.0
2804,10.0,12.0,16.0,9.0,12.0,5.0,12.0,8.0,4.0,14.0
2805,9.0,11.0,16.0,8.0,12.0,7.0,13.0,8.0,7.0,12.0
2806,9.0,12.0,18.0,11.0,15.0,8.0,15.0,10.0,7.0,14.0
2807,12.0,13.0,16.0,13.0,17.0,8.0,15.0,9.0,10.0,16.0
2808,12.0,9.0,12.0,10.0,15.0,6.0,14.0,6.0,11.0,9.0
2809,11.0,9.0,11.0,9.0,15.0,7.0,11.0,5.0,8.0,10.0
2810,14.0,6.0,13.0,11.0,17.0,10.0,14.0,6.0,9.0,13.0
2811,10.0,8.0,13.0,11.0,18.0,12.0,10.0,10.0,10.0,12.0
2812,9.0,8.0,16.0,11.0,17.0,13.0,8.0,11.0,10.0,11.0
2813,8.0,7.0,15.0,11.0,14.0,13.0,7.0,11.0,9.0,12.0
2814,9.0,5.0,13.0,11.0,16.0,17.0,7.0,11.0,9.0,9.0
2815,10.0,5.0,13.0,12.0,16.0,17.0,8.0,12.0,9.0,9.0
2816,14.0,7.0,13.0,13.0,18.0,16.0,12.0,11.0,9.0,10.0
2817,16.0,5.0,14.0,12.0,18.0,19.0,13.0,13.0,10.0,11.0
2818,12.0,4.0,13.0,9.0,17.0,16.0,11.0,12.0,9.0,10.0
2819,12.0,3.0,14.0,8.0,14.0,15.0,13.0,11.0,9.0,11.0
2820,14.0,5.0,13.0,9.0,16.0,14.0,13.0,12.0,12.0,12.0
2821,12.0,9.0,12.0,8.0,17.0,11.0,13.0,12.0,11.0,10.0
2822,12.0,10.0,11.0,10.0,18.0,13.0,13.0,12.0,11.0,13.0
2823,10.0,8.0,9.0,9.0,15.0,12.0,11.0,9.0,10.0,11.0
2824,10.0,4.0,10.0,8.0,14.0,9.0,10.0,9.0,10.0,11.0
2825,8.0,4.0,10.0,10.0,14.0,11.0,11.0,15.0,11.0,9.0
2826,8.0,3.0,9.0,11.0,14.0,12.0,13.0,15.0,15.0,11.0
2827,10.0,5.0,9.0,10.0,15.0,15.0,15.0,18.0,14.0,13.0
2828,10.0,4.0,10.0,9.0,14.0,13.0,16.0,14.0,13.0,12.0
2829,11.0,4.0,11.0,8.0,13.0,15.0,14.0,10.0,10.0,11.0
2830,12.0,3.0,13.0,6.0,14.0,16.0,18.0,10.0,9.0,12.0
2831,13.0,5.0,15.0,5.0,17.0,17.0,18.0,7.0,8.0,14.0
2832,12.0,4.0,13.0,6.0,18.0,17.0,18.0,8.0,9.0,14.0
2833,11.0,4.0,13.0,4.0,15.0,15.0,17.0,7.0,9.0,12.0
2834,9.0,6.0,11.0,3.0,13.0,12.0,15.0,9.0,10.0,12.0
2835,8.0,6.0,10.0,4.0,12.0,12.0,11.0,9.0,9.0,11.0
2836,9.0,6.0,9.0,3.0,10.0,12.0,11.0,11.0,10.0,14.0
2837,11.0,7.0,8.0,4.0,9.0,17.0,10.0,9.0,11.0,14.0
2838,8.0,7.0,6.0,4.0,8.0,15.0,8.0,9.0,9.0,15.0
2839,9.0,8.0,5.0,6.0,7.0,14.0,8.0,10.0,9.0,12.0
2840,9.0,7.0,7.0,6.0,9.0,13.0,9.0,6.0,11.0,15.0
2841,12.0,13.0,6.0,9.0,11.0,15.0,10.0,6.0,9.0,12.0
2842,12.0,14.0,10.0,12.0,13.0,16.0,11.0,8.0,10.0,12.0
2843,10.0,12.0,7.0,7.0,13.0,14.0,11.0,8.0,8.0,11.0
2844,7.0,16.0,8.0,6.0,14.0,15.0,11.0,10.0,6.0,11.0
2845,8.0,14.0,9.0,4.0,13.0,12.0,14.0,12.0,5.0,14.0
2846,10.0,15.0,12.0,7.0,11.0,15.0,16.0,13.0,9.0,17.0
2847,10.0,13.0,11.0,9.0,11.0,15.0,15.0,12.0,10.0,19.0
2848,6.0,12.0,11.0,10.0,9.0,10.0,11.0,11.0,6.0,15.0
2849,4.0,10.0,10.0,9.0,7.0,9.0,13.0,10.0,6.0,11.0
2850,8.0,10.0,5.0,11.0,6.0,13.0,13.0,7.0,5.0,14.0
2851,4.0,14.0,4.0,11.0,6.0,13.0,15.0,6.0,3.0,14.0
2852,4.0,15.0,6.0,11.0,7.0,13.0,14.0,10.0,4.0,14.0
2853,5.0,13.0,3.0,10.0,4.0,11.0,14.0,7.0,3.0,11.0
2854,4.0,14.0,2.0,10.0,10.0,9.0,15.0,5.0,3.0,9.0
2855,7.0,14.0,3.0,10.0,12.0,7.0,14.0,7.0,6.0,12.0
2856,6.0,12.0,5.0,9.0,13.0,8.0,12.0,10.0,5.0,11.0
2857,8.0,12.0,7.0,7.0,9.0,8.0,12.0,10.0,7.0,11.0
2858,7.0,12.0,8.0,8.0,9.0,11.0,7.0,12.0,5.0,8.0
2859,9.0,11.0,9.0,6.0,8.0,13.0,7.0,12.0,6.0,6.0
2860,9.0,9.0,10.0,8.0,6.0,14.0,8.0,14.0,8.0,7.0
2861,11.0,11.0,13.0,8.0,9.0,14.0,9.0,15.0,8.0,9.0
2862,11.0,12.0,13.0,7.0,8.0,15.0,9.0,17.0,8.0,8.0
2863,12.0,10.0,7.0,6.0,8.0,14.0,6.0,13.0,5.0,7.0
2864,8.0,13.0,7.0,8.0,9.0,11.0,6.0,12.0,4.0,5.0
2865,8.0,15.0,6.0,7.0,8.0,11.0,6.0,13.0,2.0,5.0
2866,10.0,13.0,4.0,7.0,9.0,11.0,7.0,12.0,3.0,4.0
2867,9.0,13.0,5.0,7.0,8.0,10.0,7.0,13.0,6.0,7.0
2868,7.0,12.0,5.0,6.0,7.0,9.0,7.0,12.0,4.0,8.0
2869,6.0,11.0,3.0,7.0,7.0,9.0,7.0,9.0,6.0,7.0
2870,9.0,11.0,3.0,7.0,6.0,8.0,8.0,9.0,6.0,9.0
2871,10.0,12.0,4.0,4.0,7.0,6.0,10.0,12.0,9.0,9.0
2872,11.0,14.0,8.0,6.0,9.0,6.0,10.0,14.0,10.0,7.0
2873,8.0,9.0,7.0,2.0,7.0,6.0,9.0,14.0,8.0,6.0
2874,10.0,10.0,5.0,2.0,8.0,6.0,9.0,15.0,7.0,8.0
2875,8.0,9.0,9.0,4.0,8.0,5.0,7.0,15.0,5.0,6.0
2876,10.0,10.0,6.0,4.0,7.0,8.0,8.0,16.0,6.0,8.0
2877,11.0,14.0,10.0,7.0,3.0,8.0,12.0,18.0,8.0,11.0
2878,10.0,9.0,7.0,8.0,5.0,5.0,10.0,14.0,8.0,8.0
2879,11.0,7.0,6.0,7.0,3.0,6.0,11.0,14.0,9.0,6.0
2880,12.0,5.0,6.0,7.0,3.0,6.0,9.0,17.0,12.0,7.0
2881,12.0,5.0,8.0,7.0,7.0,7.0,10.0,18.0,10.0,10.0
2882,15.0,5.0,10.0,6.0,7.0,7.0,15.0,21.0,8.0,10.0
2883,10.0,7.0,6.0,3.0,9.0,5.0,13.0,17.0,9.0,10.0
2884,9.0,9.0,6.0,2.0,10.0,3.0,12.0,15.0,5.0,11.0
2885,7.0,9.0,9.0,2.0,11.0,4.0,12.0,15.0,6.0,14.0
2886,6.0,10.0,10.0,2.0,13.0,8.0,14.0,13.0,8.0,15.0
2887,7.0,10.0,10.0,1.0,13.0,10.0,14.0,11.0,9.0,15.0
2888,8.0,8.0,5.0,1.0,14.0,6.0,12.0,11.0,7.0,12.0
2889,6.0,8.0,6.0,3.0,14.0,6.0,14.0,9.0,7.0,15.0
2890,9.0,8.0,8.0,6.0,13.0,10.0,16.0,9.0,9.0,12.0
2891,7.0,7.0,9.0,8.0,16.0,8.0,17.0,9.0,9.0,9.0
2892,8.0,7.0,10.0,9.0,14.0,11.0,18.0,13.0,9.0,8.0
2893,6.0,5.0,10.0,8.0,14.0,9.0,16.0,9.0,9.0,7.0
2894,7.0,8.0,11.0,6.0,14.0,9.0,16.0,10.0,9.0,6.0
2895,6.0,7.0,11.0,4.0,12.0,11.0,16.0,9.0,8.0,4.0
2896,5.0,9.0,12.0,3.0,8.0,15.0,17.0,13.0,6.0,7.0
2897,8.0,11.0,13.0,3.0,10.0,16.0,16.0,12.0,6.0,7.0
2898,6.0,8.0,12.0,2.0,10.0,15.0,11.0,10.0,4.0,8.0
2899,6.0,4.0,12.0,3.0,6.0,15.0,12.0,12.0,3.0,8.0
2900,6.0,4.0,15.0,3.0,6.0,14.0,14.0,13.0,5.0,11.0
2901,9.0,7.0,16.0,5.0,10.0,11.0,14.0,15.0,8.0,10.0
2902,8.0,8.0,18.0,5.0,11.0,12.0,16.0,14.0,8.0,15.0
2903,8.0,8.0,13.0,3.0,8.0,10.0,16.0,13.0,8.0,11.0
2904,8.0,9.0,11.0,7.0,9.0,9.0,13.0,14.0,9.0,11.0
2905,9.0,7.0,13.0,5.0,10.0,8.0,13.0,14.0,9.0,13.0
2906,9.0,8.0,15.0,5.0,10.0,8.0,17.0,16.0,11.0,13.0
2907,8.0,8.0,17.0,5.0,11.0,9.0,17.0,17.0,10.0,15.0
2908,10.0,9.0,15.0,4.0,10.0,6.0,14.0,16.0,8.0,12.0
2909,11.0,6.0,12.0,3.0,11.0,8.0,18.0,15.0,8.0,12.0
2910,12.0,9.0,11.0,3.0,11.0,10.0,17.0,14.0,10.0,12.0
2911,13.0,10.0,10.0,4.0,14.0,12.0,18.0,15.0,11.0,14.0
2912,14.0,12.0,11.0,7.0,15.0,14.0,16.0,16.0,13.0,14.0
2913,13.0,9.0,14.0,6.0,11.0,13.0,15.0,13.0,10.0,13.0
2914,12.0,9.0,11.0,7.0,12.0,15.0,16.0,13.0,9.0,13.0
2915,10.0,12.0,10.0,11.0,13.0,17.0,18.0,13.0,10.0,13.0
2916,10.0,10.0,8.0,11.0,15.0,20.0,18.0,11.0,11.0,17.0
2917,11.0,10.0,8.0,12.0,15.0,24.0,18.0,12.0,10.0,19.0
2918,6.0,7.0,6.0,12.0,15.0,21.0,18.0,10.0,7.0,17.0
2919,9.0,7.0,6.0,10.0,15.0,16.0,17.0,9.0,8.0,18.0
2920,5.0,9.0,6.0,10.0,16.0,13.0,20.0,8.0,7.0,19.0
2921,6.0,10.0,6.0,10.0,16.0,12.0,25.0,9.0,8.0,21.0
2922,9.0,11.0,8.0,11.0,18.0,12.0,26.0,10.0,14.0,22.0
2923,6.0,8.0,8.0,11.0,17.0,12.0,24.0,10.0,11.0,20.0
2924,4.0,10.0,10.0,13.0,17.0,15.0,20.0,13.0,8.0,17.0
2925,4.0,13.0,11.0,14.0,19.0,15.0,21.0,15.0,9.0,19.0
2926,5.0,13.0,12.0,15.0,21.0,18.0,17.0,18.0,11.0,20.0
2927,8.0,9.0,12.0,16.0,22.0,16.0,17.0,17.0,10.0,21.0
2928,4.0,8.0,14.0,13.0,20.0,16.0,13.0,18.0,12.0,15.0
2929,6.0,5.0,14.0,12.0,18.0,13.0,12.0,17.0,17.0,13.0
2930,7.0,5.0,13.0,9.0,16.0,14.0,13.0,16.0,19.0,13.0
2931,7.0,6.0,12.0,11.0,15.0,16.0,12.0,16.0,17.0,10.0
2932,4.0,9.0,15.0,14.0,12.0,17.0,12.0,18.0,15.0,14.0
2933,4.0,7.0,15.0,10.0,9.0,16.0,10.0,12.0,12.0,11.0
2934,3.0,9.0,16.0,7.0,8.0,14.0,11.0,9.0,12.0,12.0
2935,1.0,9.0,18.0,8.0,12.0,14.0,10.0,10.0,12.0,11.0
2936,7.0,11.0,22.0,8.0,13.0,13.0,10.0,11.0,14.0,16.0
2937,7.0,14.0,23.0,10.0,14.0,16.0,10.0,16.0,15.0,16.0
2938,3.0,14.0,20.0,8.0,13.0,15.0,9.0,15.0,14.0,12.0
2939,5.0,18.0,18.0,12.0,14.0,16.0,7.0,15.0,14.0,11.0
2940,8.0,17.0,17.0,9.0,13.0,16.0,9.0,13.0,15.0,15.0
2941,10.0,19.0,15.0,9.0,13.0,18.0,11.0,13.0,12.0,14.0
2942,7.0,22.0,16.0,10.0,14.0,19.0,12.0,15.0,13.0,14.0
2943,4.0,20.0,12.0,10.0,10.0,18.0,6.0,10.0,10.0,9.0
2944,4.0,20.0,13.0,7.0,12.0,16.0,6.0,11.0,10.0,9.0
2945,2.0,21.0,15.0,10.0,14.0,16.0,9.0,12.0,12.0,8.0
2946,4.0,22.0,14.0,8.0,13.0,17.0,9.0,12.0,13.0,8.0
2947,5.0,22.0,15.0,7.0,14.0,18.0,9.0,14.0,14.0,8.0
2948,3.0,19.0,15.0,7.0,7.0,16.0,6.0,13.0,13.0,4.0
2949,5.0,16.0,12.0,3.0,6.0,16.0,5.0,12.0,14.0,5.0
2950,5.0,14.0,10.0,5.0,5.0,18.0,5.0,10.0,15.0,7.0
2951,8.0,14.0,13.0,4.0,6.0,21.0,9.0,9.0,16.0,7.0
2952,11.0,14.0,11.0,7.0,9.0,19.0,11.0,11.0,18.0,5.0
2953,7.0,10.0,9.0,5.0,10.0,17.0,8.0,10.0,15.0,6.0
2954,9.0,12.0,11.0,4.0,12.0,16.0,11.0,12.0,18.0,6.0
2955,7.0,14.0,8.0,7.0,11.0,17.0,12.0,13.0,19.0,1.0
2956,8.0,14.0,13.0,6.0,13.0,18.0,13.0,15.0,21.0,2.0
2957,10.0,13.0,14.0,8.0,13.0,16.0,13.0,11.0,21.0,3.0
2958,9.0,12.0,12.0,9.0,13.0,15.0,11.0,10.0,17.0,4.0
2959,11.0,13.0,13.0,11.0,10.0,13.0,10.0,9.0,18.0,7.0
2960,13.0,12.0,14.0,8.0,8.0,14.0,9.0,8.0,19.0,9.0
2961,16.0,12.0,15.0,11.0,8.0,13.0,8.0,7.0,21.0,9.0
2962,17.0,13.0,17.0,12.0,7.0,15.0,8.0,5.0,20.0,11.0
2963,14.0,9.0,14.0,8.0,7.0,13.0,6.0,3.0,17.0,7.0
2964,15.0,9.0,16.0,11.0,7.0,14.0,6.0,4.0,17.0,7.0
2965,15.0,9.0,19.0,11.0,6.0,13.0,6.0,4.0,20.0,5.0
2966,16.0,9.0,19.0,10.0,9.0,15.0,8.0,8.0,21.0,5.0
2967,19.0,13.0,18.0,13.0,9.0,15.0,7.0,10.0,23.0,7.0
2968,16.0,9.0,15.0,10.0,7.0,12.0,9.0,9.0,18.0,8.0
2969,14.0,8.0,11.0,10.0,9.0,10.0,5.0,11.0,15.0,12.0
2970,11.0,7.0,10.0,7.0,9.0,11.0,8.0,10.0,13.0,13.0
2971,9.0,6.0,10.0,9.0,10.0,12.0,9.0,12.0,15.0,8.0
2972,7.0,5.0,11.0,10.0,9.0,11.0,15.0,12.0,17.0,8.0
2973,6.0,3.0,11.0,10.0,7.0,11.0,14.0,14.0,15.0,5.0
2974,9.0,5.0,9.0,12.0,6.0,13.0,15.0,12.0,13.0,7.0
2975,10.0,5.0,5.0,14.0,3.0,14.0,16.0,12.0,14.0,6.0
2976,11.0,6.0,5.0,15.0,7.0,12.0,13.0,11.0,11.0,9.0
2977,13.0,6.0,5.0,16.0,8.0,15.0,13.0,12.0,11.0,9.0
2978,15.0,7.0,8.0,15.0,9.0,17.0,10.0,11.0,12.0,8.0
2979,17.0,7.0,9.0,11.0,10.0,17.0,12.0,12.0,11.0,11.0
2980,19.0,6.0,10.0,11.0,11.0,18.0,10.0,11.0,11.0,13.0
2981,16.0,7.0,12.0,8.0,12.0,19.0,11.0,14.0,11.0,15.0
2982,17.0,9.0,15.0,10.0,13.0,20.0,12.0,14.0,17.0,14.0
2983,13.0,7.0,16.0,8.0,7.0,18.0,11.0,10.0,16.0,12.0
2984,13.0,12.0,14.0,9.0,7.0,18.0,12.0,11.0,18.0,11.0
2985,12.0,13.0,13.0,11.0,7.0,17.0,12.0,10.0,19.0,8.0
2986,14.0,13.0,13.0,13.0,8.0,16.0,17.0,11.0,21.0,8.0
2987,12.0,15.0,10.0,15.0,10.0,15.0,16.0,11.0,20.0,8.0
2988,8.0,12.0,7.0,14.0,9.0,13.0,15.0,10.0,15.0,10.0
2989,8.0,11.0,6.0,14.0,9.0,15.0,14.0,9.0,13.0,10.0
2990,8.0,8.0,6.0,14.0,9.0,12.0,13.0,9.0,12.0,13.0
2991,11.0,7.0,10.0,16.0,9.0,13.0,17.0,11.0,14.0,13.0
2992,13.0,9.0,10.0,17.0,8.0,12.0,17.0,11.0,13.0,15.0
2993,11.0,9.0,12.0,16.0,6.0,11.0,12.0,11.0,9.0,15.0
2994,11.0,10.0,10.0,17.0,5.0,9.0,17.0,12.0,8.0,15.0
2995,12.0,11.0,10.0,16.0,7.0,7.0,15.0,13.0,10.0,17.0
2996,12.0,12.0,12.0,16.0,8.0,11.0,16.0,14.0,9.0,18.0
2997,14.0,12.0,12.0,17.0,9.0,13.0,17.0,19.0,11.0,17.0
2998,12.0,13.0,10.0,16.0,9.0,13.0,12.0,17.0,10.0,15.0
2999,13.0,9.0,11.0,13.0,8.0,12.0,10.0,15.0,9.0,16.0
3000,13.0,9.0,12.0,12.0,8.0,12.0,7.0,13.0,8.0,16.0
3001,13.0,10.0,17.0,14.0,7.0,15.0,8.0,12.0,7.0,15.0
3002,12.0,10.0,19.0,17.0,6.0,13.0,10.0,12.0,7.0,15.0
3003,10.0,7.0,15.0,14.0,5.0,11.0,9.0,10.0,6.0,12.0
3004,10.0,5.0,13.0,16.0,5.0,7.0,11.0,10.0,9.0,13.0
3005,8.0,4.0,15.0,18.0,4.0,5.0,13.0,10.0,12.0,17.0
3006,10.0,4.0,12.0,17.0,6.0,9.0,13.0,9.0,12.0,17.0
3007,12.0,4.0,12.0,19.0,7.0,11.0,12.0,9.0,12.0,17.0
3008,10.0,3.0,11.0,14.0,8.0,7.0,9.0,6.0,10.0,12.0
3009,12.0,5.0,11.0,12.0,9.0,8.0,9.0,6.0,9.0,11.0
3010,13.0,5.0,11.0,12.0,11.0,10.0,10.0,5.0,8.0,9.0
3011,12.0,5.0,15.0,13.0,13.0,8.0,9.0,7.0,10.0,12.0
3012,13.0,8.0,16.0,14.0,18.0,10.0,10.0,8.0,11.0,14.0
3013,11.0,2.0,15.0,12.0,14.0,9.0,9.0,6.0,9.0,14.0
3014,7.0,1.0,13.0,13.0,16.0,9.0,11.0,6.0,9.0,15.0
3015,7.0,5.0,13.0,13.0,16.0,9.0,13.0,7.0,11.0,14.0
3016,12.0,4.0,13.0,14.0,15.0,11.0,11.0,5.0,13.0,15.0
3017,11.0,5.0,14.0,17.0,15.0,12.0,11.0,6.0,20.0,13.0
3018,8.0,4.0,11.0,13.0,16.0,10.0,8.0,4.0,14.0,13.0
3019,9.0,4.0,8.0,13.0,14.0,12.0,7.0,5.0,16.0,12.0
3020,11.0,4.0,8.0,10.0,13.0,12.0,7.0,7.0,12.0,10.0
3021,11.0,4.0,7.0,13.0,15.0,11.0,8.0,9.0,11.0,9.0
3022,9.0,7.0,6.0,14.0,16.0,13.0,9.0,10.0,14.0,10.0
3023,8.0,3.0,6.0,12.0,12.0,12.0,7.0,6.0,12.0,12.0
3024,5.0,5.0,10.0,17.0,13.0,12.0,7.0,8.0,14.0,12.0
3025,3.0,6.0,10.0,18.0,14.0,13.0,8.0,8.0,15.0,13.0
3026,3.0,5.0,12.0,17.0,13.0,15.0,13.0,10.0,12.0,15.0
3027,4.0,4.0,14.0,20.0,13.0,18.0,13.0,13.0,12.0,13.0
3028,5.0,4.0,11.0,21.0,11.0,13.0,11.0,13.0,10.0,14.0
3029,4.0,3.0,11.0,18.0,10.0,12.0,9.0,12.0,13.0,12.0
3030,7.0,5.0,12.0,17.0,10.0,13.0,6.0,13.0,13.0,12.0
3031,6.0,6.0,17.0,15.0,10.0,14.0,8.0,16.0,16.0,13.0
3032,5.0,9.0,15.0,14.0,13.0,13.0,11.0,16.0,18.0,14.0
3033,4.0,8.0,14.0,13.0,11.0,12.0,6.0,14.0,11.0,11.0
3034,3.0,9.0,10.0,12.0,13.0,12.0,7.0,13.0,11.0,10.0
3035,4.0,10.0,12.0,13.0,17.0,11.0,9.0,15.0,12.0,10.0
3036,4.0,13.0,12.0,13.0,14.0,12.0,10.0,13.0,15.0,10.0
3037,4.0,12.0,13.0,15.0,15.0,11.0,10.0,9.0,15.0,9.0
3038,3.0,11.0,9.0,13.0,12.0,7.0,9.0,7.0,15.0,9.0
3039,4.0,11.0,8.0,16.0,12.0,10.0,10.0,7.0,14.0,9.0
3040,6.0,8.0,10.0,16.0,10.0,10.0,9.0,7.0,13.0,10.0
3041,6.0,8.0,7.0,19.0,11.0,9.0,11.0,7.0,16.0,11.0
3042,8.0,8.0,7.0,20.0,10.0,11.0,10.0,9.0,14.0,12.0
3043,6.0,5.0,9.0,18.0,10.0,9.0,9.0,8.0,13.0,12.0
3044,4.0,4.0,8.0,17.0,10.0,10.0,8.0,7.0,14.0,12.0
3045,6.0,3.0,7.0,18.0,11.0,10.0,9.0,10.0,17.0,12.0
3046,6.0,2.0,9.0,17.0,15.0,10.0,9.0,10.0,15.0,11.0
3047,5.0,6.0,9.0,15.0,14.0,13.0,10.0,9.0,15.0,11.0
3048,6.0,5.0,4.0,12.0,12.0,11.0,11.0,8.0,12.0,9.0
3049,5.0,7.0,6.0,12.0,12.0,11.0,10.0,6.0,10.0,12.0
3050,6.0,7.0,8.0,10.0,10.0,12.0,10.0,5.0,11.0,11.0
3051,5.0,7.0,11.0,9.0,10.0,14.0,11.0,4.0,12.0,14.0
3052,4.0,7.0,7.0,10.0,11.0,13.0,12.0,4.0,14.0,12.0
3053,6.0,6.0,7.0,8.0,8.0,14.0,7.0,2.0,12.0,12.0
3054,7.0,4.0,8.0,9.0,8.0,15.0,9.0,6.0,11.0,13.0
3055,10.0,6.0,7.0,9.0,10.0,14.0,11.0,5.0,14.0,15.0
3056,9.0,6.0,10.0,8.0,12.0,15.0,14.0,6.0,13.0,15.0
3057,9.0,7.0,12.0,9.0,14.0,17.0,17.0,10.0,12.0,15.0
3058,7.0,7.0,11.0,9.0,12.0,15.0,15.0,7.0,12.0,13.0
3059,6.0,5.0,11.0,9.0,10.0,16.0,15.0,8.0,10.0,14.0
3060,8.0,6.0,16.0,9.0,11.0,17.0,14.0,8.0,9.0,13.0
3061,9.0,7.0,15.0,11.0,11.0,16.0,18.0,8.0,13.0,15.0
3062,11.0,9.0,16.0,12.0,14.0,17.0,21.0,8.0,14.0,18.0
3063,13.0,6.0,15.0,10.0,11.0,16.0,23.0,5.0,8.0,12.0
3064,14.0,6.0,14.0,9.0,11.0,16.0,23.0,4.0,6.0,10.0
3065,15.0,9.0,14.0,11.0,15.0,15.0,23.0,6.0,7.0,9.0
3066,19.0,10.0,15.0,10.0,14.0,15.0,20.0,6.0,8.0,7.0
3067,20.0,11.0,15.0,11.0,14.0,15.0,22.0,7.0,9.0,5.0
3068,16.0,10.0,13.0,12.0,13.0,11.0,19.0,9.0,10.0,6.0
3069,15.0,10.0,13.0,12.0,11.0,13.0,18.0,8.0,8.0,5.0
3070,13.0,11.0,14.0,12.0,12.0,13.0,17.0,8.0,6.0,4.0
3071,15.0,12.0,11.0,12.0,15.0,15.0,19.0,11.0,8.0,8.0
3072,14.0,16.0,11.0,16.0,17.0,18.0,18.0,11.0,9.0,9.0
3073,10.0,13.0,8.0,13.0,14.0,19.0,13.0,8.0,9.0,8.0
3074,11.0,11.0,6.0,14.0,14.0,19.0,14.0,10.0,9.0,8.0
3075,11.0,13.0,10.0,15.0,15.0,18.0,12.0,12.0,11.0,7.0
3076,16.0,12.0,9.0,15.0,16.0,19.0,15.0,9.0,7.0,7.0
3077,14.0,15.0,9.0,18.0,16.0,18.0,16.0,11.0,7.0,6.0
3078,14.0,15.0,4.0,14.0,13.0,15.0,14.0,10.0,4.0,6.0
3079,15.0,13.0,3.0,12.0,10.0,13.0,10.0,7.0,4.0,6.0
3080,14.0,13.0,7.0,12.0,8.0,10.0,6.0,6.0,6.0,6.0
3081,16.0,11.0,11.0,13.0,6.0,9.0,9.0,10.0,9.0,9.0
3082,17.0,14.0,12.0,16.0,5.0,13.0,9.0,11.0,11.0,8.0
3083,15.0,11.0,9.0,15.0,2.0,13.0,10.0,11.0,9.0,6.0
3084,15.0,10.0,7.0,17.0,4.0,10.0,10.0,11.0,14.0,10.0
3085,13.0,12.0,8.0,14.0,4.0,10.0,11.0,8.0,16.0,12.0
3086,12.0,12.0,9.0,14.0,4.0,13.0,7.0,7.0,16.0,15.0
3087,11.0,10.0,10.0,13.0,6.0,10.0,9.0,9.0,17.0,15.0
3088,10.0,10.0,8.0,13.0,6.0,11.0,9.0,6.0,13.0,12.0
3089,9.0,11.0,9.0,15.0,7.0,13.0,10.0,3.0,12.0,13.0
3090,10.0,9.0,12.0,14.0,6.0,11.0,9.0,2.0,12.0,15.0
3091,10.0,12.0,9.0,13.0,6.0,6.0,12.0,4.0,11.0,16.0
3092,11.0,13.0,7.0,14.0,7.0,4.0,13.0,3.0,14.0,15.0
3093,10.0,12.0,5.0,11.0,7.0,5.0,11.0,2.0,14.0,14.0
3094,13.0,13.0,6.0,11.0,6.0,3.0,14.0,4.0,14.0,14.0
3095,14.0,17.0,6.0,11.0,6.0,3.0,15.0,6.0,14.0,16.0
3096,15.0,16.0,8.0,10.0,8.0,5.0,15.0,6.0,16.0,18.0
3097,16.0,17.0,10.0,12.0,8.0,6.0,16.0,7.0,15.0,17.0
3098,14.0,16.0,9.0,9.0,7.0,8.0,13.0,3.0,13.0,15.0
3099,13.0,15.0,10.0,8.0,8.0,7.0,13.0,2.0,13.0,15.0
3100,11.0,13.0,11.0,8.0,6.0,8.0,12.0,2.0,13.0,14.0
3101,11.0,13.0,9.0,11.0,7.0,11.0,11.0,5.0,14.0,14.0
3102,10.0,12.0,9.0,11.0,7.0,11.0,10.0,5.0,14.0,14.0
3103,7.0,11.0,8.0,7.0,5.0,9.0,7.0,3.0,12.0,11.0
3104,9.0,11.0,10.0,12.0,8.0,7.0,7.0,3.0,12.0,11.0
3105,10.0,12.0,12.0,13.0,7.0,7.0,10.0,3.0,12.0,12.0
3106,11.0,12.0,13.0,13.0,10.0,12.0,8.0,7.0,13.0,14.0
3107,11.0,12.0,12.0,15.0,11.0,14.0,10.0,6.0,16.0,17.0
3108,10.0,12.0,11.0,13.0,11.0,11.0,7.0,7.0,13.0,14.0
3109,9.0,11.0,12.0,10.0,10.0,12.0,7.0,4.0,13.0,14.0
3110,9.0,10.0,9.0,11.0,10.0,11.0,9.0,5.0,14.0,16.0
3111,11.0,10.0,12.0,10.0,9.0,15.0,10.0,4.0,19.0,16.0
3112,12.0,9.0,14.0,13.0,12.0,17.0,14.0,5.0,21.0,16.0
3113,7.0,6.0,11.0,10.0,8.0,13.0,11.0,4.0,19.0,12.0
3114,6.0,6.0,12.0,10.0,5.0,13.0,12.0,4.0,17.0,12.0
3115,6.0,6.0,12.0,11.0,5.0,13.0,13.0,7.0,14.0,14.0
3116,5.0,5.0,11.0,12.0,6.0,14.0,14.0,5.0,14.0,11.0
3117,5.0,8.0,9.0,13.0,5.0,15.0,13.0,8.0,15.0,12.0
3118,5.0,4.0,9.0,13.0,4.0,13.0,8.0,7.0,15.0,10.0
3119,7.0,4.0,8.0,14.0,7.0,17.0,7.0,7.0,14.0,11.0
3120,9.0,3.0,7.0,13.0,9.0,18.0,6.0,7.0,14.0,9.0
3121,11.0,5.0,7.0,13.0,9.0,18.0,5.0,8.0,14.0,11.0
3122,11.0,7.0,9.0,15.0,10.0,19.0,4.0,11.0,13.0,13.0
3123,8.0,6.0,7.0,14.0,8.0,18.0,2.0,11.0,14.0,10.0
3124,6.0,4.0,7.0,13.0,6.0,15.0,2.0,12.0,13.0,14.0
3125,6.0,5.0,11.0,12.0,9.0,14.0,3.0,13.0,17.0,15.0
3126,4.0,7.0,12.0,13.0,12.0,15.0,6.0,12.0,17.0,13.0
3127,5.0,10.0,11.0,10.0,12.0,17.0,7.0,12.0,16.0,11.0
3128,5.0,8.0,9.0,11.0,7.0,14.0,8.0,10.0,15.0,11.0
3129,5.0,8.0,11.0,11.0,8.0,13.0,8.0,8.0,13.0,10.0
3130,4.0,8.0,6.0,13.0,7.0,18.0,6.0,7.0,11.0,10.0
3131,7.0,6.0,7.0,14.0,6.0,16.0,8.0,9.0,8.0,11.0
3132,9.0,6.0,6.0,15.0,5.0,17.0,9.0,12.0,8.0,13.0
3133,8.0,3.0,4.0,13.0,4.0,18.0,6.0,10.0,8.0,15.0
3134,11.0,1.0,3.0,16.0,6.0,17.0,9.0,14.0,6.0,14.0
3135,8.0,3.0,5.0,19.0,3.0,14.0,7.0,15.0,8.0,12.0
3136,8.0,5.0,6.0,19.0,4.0,14.0,9.0,16.0,10.0,12.0
3137,8.0,6.0,7.0,17.0,7.0,15.0,10.0,14.0,9.0,12.0
3138,6.0,6.0,6.0,18.0,1.0,12.0,6.0,11.0,8.0,10.0
3139,5.0,6.0,5.0,15.0,3.0,10.0,7.0,9.0,7.0,11.0
3140,4.0,7.0,6.0,14.0,6.0,10.0,8.0,5.0,12.0,9.0
3141,5.0,9.0,9.0,16.0,9.0,8.0,7.0,7.0,11.0,10.0
3142,5.0,9.0,10.0,17.0,8.0,11.0,10.0,6.0,10.0,10.0
3143,4.0,10.0,10.0,18.0,12.0,13.0,8.0,7.0,7.0,8.0
3144,7.0,9.0,10.0,15.0,11.0,14.0,7.0,7.0,6.0,8.0
3145,9.0,10.0,9.0,15.0,11.0,15.0,8.0,10.0,8.0,9.0
3146,11.0,9.0,11.0,15.0,13.0,16.0,11.0,9.0,10.0,9.0
3147,9.0,12.0,12.0,14.0,12.0,17.0,11.0,7.0,14.0,10.0
3148,11.0,8.0,10.0,12.0,14.0,15.0,8.0,3.0,9.0,8.0
3149,9.0,9.0,9.0,11.0,13.0,10.0,5.0,4.0,10.0,6.0
3150,9.0,10.0,6.0,12.0,14.0,11.0,5.0,2.0,11.0,8.0
3151,10.0,8.0,5.0,14.0,14.0,10.0,7.0,6.0,13.0,9.0
3152,11.0,8.0,4.0,14.0,13.0,10.0,10.0,5.0,13.0,6.0
3153,10.0,5.0,7.0,14.0,9.0,7.0,9.0,3.0,15.0,3.0
3154,14.0,6.0,7.0,14.0,9.0,7.0,8.0,7.0,13.0,3.0
3155,16.0,6.0,9.0,13.0,9.0,9.0,8.0,6.0,13.0,5.0
3156,16.0,6.0,13.0,13.0,8.0,9.0,10.0,7.0,14.0,5.0
3157,15.0,8.0,13.0,14.0,10.0,11.0,14.0,6.0,16.0,7.0
3158,11.0,7.0,13.0,12.0,9.0,9.0,12.0,4.0,15.0,3.0
3159,11.0,9.0,11.0,9.0,10.0,8.0,11.0,4.0,14.0,4.0
3160,10.0,11.0,11.0,7.0,12.0,10.0,9.0,5.0,16.0,7.0
3161,11.0,12.0,12.0,6.0,15.0,9.0,13.0,6.0,15.0,8.0
3162,11.0,12.0,14.0,7.0,14.0,10.0,16.0,7.0,19.0,7.0
3163,10.0,13.0,13.0,6.0,11.0,9.0,13.0,5.0,15.0,7.0
3164,13.0,11.0,13.0,7.0,10.0,6.0,14.0,7.0,13.0,8.0
3165,14.0,12.0,13.0,10.0,9.0,5.0,14.0,6.0,13.0,9.0
3166,16.0,14.0,13.0,11.0,8.0,7.0,13.0,8.0,12.0,9.0
3167,19.0,15.0,13.0,12.0,9.0,9.0,14.0,8.0,14.0,10.0
3168,12.0,12.0,11.0,13.0,8.0,7.0,15.0,9.0,12.0,5.0
3169,10.0,12.0,12.0,13.0,8.0,7.0,14.0,7.0,13.0,6.0
3170,8.0,13.0,10.0,14.0,9.0,10.0,13.0,9.0,11.0,4.0
3171,10.0,15.0,12.0,17.0,9.0,10.0,15.0,12.0,12.0,3.0
3172,13.0,16.0,12.0,19.0,8.0,9.0,17.0,11.0,14.0,4.0
3173,13.0,10.0,10.0,14.0,7.0,10.0,14.0,9.0,13.0,4.0
3174,13.0,8.0,10.0,15.0,6.0,8.0,11.0,10.0,10.0,5.0
3175,13.0,6.0,14.0,18.0,7.0,8.0,12.0,12.0,10.0,10.0
3176,17.0,9.0,14.0,20.0,8.0,8.0,11.0,13.0,9.0,9.0
3177,17.0,10.0,16.0,23.0,7.0,9.0,12.0,12.0,12.0,8.0
3178,15.0,11.0,14.0,21.0,6.0,8.0,13.0,13.0,8.0,7.0
3179,14.0,12.0,10.0,17.0,6.0,7.0,13.0,11.0,9.0,10.0
3180,13.0,15.0,10.0,15.0,10.0,8.0,14.0,11.0,13.0,9.0
3181,13.0,15.0,13.0,14.0,8.0,7.0,13.0,12.0,12.0,11.0
3182,14.0,15.0,13.0,15.0,10.0,8.0,11.0,12.0,13.0,13.0
3183,9.0,9.0,13.0,14.0,11.0,7.0,9.0,6.0,13.0,10.0
3184,12.0,7.0,12.0,17.0,12.0,9.0,6.0,5.0,13.0,10.0
3185,13.0,5.0,12.0,16.0,12.0,10.0,8.0,6.0,13.0,12.0
3186,15.0,12.0,14.0,16.0,15.0,10.0,7.0,7.0,14.0,15.0
3187,14.0,12.0,12.0,15.0,14.0,8.0,5.0,8.0,16.0,15.0
3188,15.0,13.0,10.0,12.0,10.0,8.0,6.0,9.0,13.0,14.0
3189,14.0,15.0,11.0,11.0,9.0,9.0,6.0,8.0,13.0,12.0
3190,14.0,16.0,9.0,9.0,11.0,8.0,5.0,8.0,12.0,13.0
3191,14.0,15.0,10.0,11.0,10.0,6.0,7.0,11.0,10.0,12.0
3192,14.0,13.0,11.0,13.0,9.0,7.0,10.0,13.0,10.0,15.0
3193,12.0,8.0,10.0,9.0,6.0,5.0,11.0,12.0,8.0,12.0
3194,12.0,7.0,13.0,10.0,4.0,7.0,13.0,11.0,12.0,12.0
3195,13.0,5.0,16.0,12.0,4.0,6.0,13.0,11.0,12.0,12.0
3196,14.0,5.0,16.0,15.0,6.0,9.0,11.0,10.0,12.0,13.0
3197,14.0,3.0,16.0,15.0,8.0,11.0,13.0,10.0,14.0,13.0
3198,11.0,4.0,14.0,12.0,8.0,10.0,12.0,8.0,12.0,11.0
3199,10.0,6.0,13.0,10.0,10.0,11.0,10.0,6.0,10.0,14.0
3200,10.0,9.0,12.0,11.0,12.0,16.0,10.0,6.0,13.0,16.0
3201,12.0,9.0,11.0,13.0,15.0,12.0,13.0,8.0,11.0,16.0
3202,13.0,10.0,12.0,14.0,17.0,13.0,14.0,10.0,13.0,17.0
3203,12.0,8.0,11.0,11.0,14.0,10.0,16.0,7.0,12.0,15.0
3204,12.0,9.0,9.0,8.0,11.0,8.0,16.0,7.0,12.0,14.0
3205,12.0,8.0,11.0,13.0,9.0,7.0,17.0,5.0,10.0,13.0
3206,12.0,9.0,10.0,11.0,8.0,6.0,19.0,6.0,11.0,12.0
3207,13.0,10.0,13.0,10.0,8.0,7.0,18.0,4.0,13.0,13.0
3208,14.0,6.0,11.0,9.0,5.0,5.0,15.0,5.0,12.0,10.0
3209,12.0,4.0,11.0,10.0,4.0,6.0,14.0,4.0,11.0,9.0
3210,11.0,5.0,12.0,11.0,3.0,3.0,12.0,6.0,11.0,6.0
3211,11.0,7.0,13.0,17.0,5.0,4.0,12.0,8.0,12.0,8.0
3212,10.0,10.0,14.0,18.0,6.0,5.0,13.0,11.0,12.0,11.0
3213,9.0,8.0,11.0,11.0,2.0,4.0,12.0,8.0,8.0,8.0
3214,8.0,8.0,10.0,13.0,4.0,5.0,13.0,6.0,9.0,11.0
3215,6.0,7.0,12.0,16.0,7.0,7.0,15.0,8.0,6.0,10.0
3216,7.0,8.0,13.0,17.0,7.0,9.0,16.0,8.0,8.0,10.0
3217,9.0,6.0,13.0,18.0,9.0,10.0,20.0,6.0,8.0,11.0
3218,9.0,4.0,12.0,16.0,8.0,8.0,17.0,4.0,7.0,9.0
3219,13.0,4.0,14.0,16.0,7.0,7.0,17.0,6.0,7.0,7.0
3220,10.0,5.0,14.0,15.0,8.0,4.0,15.0,8.0,9.0,10.0
3221,14.0,7.0,13.0,16.0,9.0,5.0,15.0,10.0,8.0,7.0
3222,15.0,7.0,14.0,17.0,11.0,5.0,13.0,10.0,5.0,7.0
3223,12.0,8.0,7.0,11.0,10.0,3.0,7.0,9.0,6.0,5.0
3224,12.0,8.0,7.0,11.0,9.0,5.0,6.0,12.0,6.0,5.0
3225,14.0,10.0,6.0,10.0,7.0,8.0,7.0,14.0,6.0,6.0
3226,15.0,11.0,7.0,10.0,5.0,10.0,6.0,15.0,7.0,7.0
3227,16.0,12.0,8.0,10.0,6.0,12.0,7.0,16.0,9.0,8.0
3228,14.0,11.0,5.0,6.0,6.0,9.0,6.0,15.0,10.0,4.0
3229,15.0,11.0,4.0,3.0,4.0,9.0,5.0,13.0,12.0,5.0
3230,16.0,10.0,4.0,2.0,5.0,6.0,4.0,13.0,13.0,8.0
3231,16.0,11.0,5.0,3.0,5.0,8.0,6.0,14.0,14.0,10.0
3232,14.0,10.0,3.0,5.0,5.0,10.0,4.0,14.0,16.0,10.0
3233,9.0,9.0,3.0,7.0,7.0,7.0,5.0,14.0,13.0,11.0
3234,12.0,9.0,4.0,7.0,7.0,7.0,6.0,14.0,11.0,8.0
3235,14.0,8.0,4.0,10.0,10.0,7.0,8.0,13.0,12.0,10.0
3236,14.0,10.0,4.0,12.0,10.0,5.0,9.0,14.0,11.0,10.0
3237,15.0,13.0,5.0,13.0,10.0,7.0,9.0,16.0,13.0,10.0
3238,12.0,11.0,6.0,12.0,11.0,5.0,7.0,12.0,8.0,10.0
3239,10.0,12.0,6.0,13.0,10.0,7.0,8.0,13.0,9.0,9.0
3240,10.0,12.0,6.0,13.0,11.0,11.0,9.0,15.0,6.0,11.0
3241,11.0,14.0,8.0,13.0,11.0,9.0,12.0,17.0,5.0,13.0
3242,15.0,15.0,10.0,12.0,11.0,10.0,14.0,17.0,6.0,11.0
3243,11.0,12.0,9.0,9.0,10.0,9.0,12.0,15.0,7.0,9.0
3244,12.0,9.0,9.0,10.0,12.0,10.0,12.0,14.0,3.0,11.0
3245,17.0,9.0,11.0,9.0,12.0,9.0,13.0,15.0,5.0,12.0
3246,19.0,12.0,10.0,10.0,9.0,10.0,14.0,15.0,7.0,13.0
3247,20.0,13.0,8.0,10.0,10.0,11.0,13.0,18.0,8.0,15.0
3248,19.0,10.0,7.0,9.0,10.0,11.0,12.0,14.0,4.0,12.0
3249,18.0,13.0,7.0,8.0,11.0,12.0,13.0,11.0,2.0,10.0
3250,17.0,14.0,6.0,9.0,11.0,13.0,11.0,13.0,4.0,12.0
3251,17.0,13.0,6.0,13.0,14.0,10.0,14.0,13.0,4.0,11.0
3252,18.0,14.0,9.0,14.0,15.0,13.0,15.0,15.0,5.0,8.0
3253,15.0,12.0,7.0,14.0,11.0,6.0,12.0,15.0,2.0,5.0
3254,15.0,12.0,7.0,19.0,11.0,6.0,12.0,14.0,1.0,6.0
3255,18.0,10.0,6.0,17.0,13.0,7.0,14.0,13.0,2.0,6.0
3256,18.0,13.0,7.0,15.0,14.0,7.0,13.0,15.0,4.0,9.0
3257,19.0,12.0,8.0,18.0,14.0,9.0,15.0,17.0,4.0,10.0
3258,18.0,9.0,8.0,17.0,12.0,8.0,15.0,14.0,7.0,7.0
3259,17.0,7.0,6.0,13.0,9.0,10.0,10.0,14.0,6.0,10.0
3260,17.0,9.0,6.0,13.0,8.0,11.0,11.0,13.0,9.0,14.0
3261,20.0,7.0,6.0,16.0,9.0,10.0,13.0,16.0,7.0,14.0
3262,18.0,6.0,9.0,16.0,9.0,12.0,13.0,17.0,10.0,16.0
3263,13.0,8.0,11.0,14.0,7.0,9.0,9.0,16.0,12.0,12.0
3264,12.0,7.0,11.0,14.0,9.0,8.0,12.0,17.0,11.0,12.0
3265,14.0,9.0,12.0,15.0,9.0,8.0,11.0,16.0,12.0,13.0
3266,15.0,8.0,15.0,16.0,8.0,8.0,15.0,17.0,18.0,13.0
3267,17.0,9.0,12.0,18.0,10.0,9.0,17.0,16.0,19.0,16.0
3268,17.0,6.0,11.0,13.0,8.0,7.0,16.0,14.0,15.0,16.0
3269,14.0,6.0,11.0,11.0,9.0,5.0,16.0,14.0,15.0,17.0
3270,12.0,7.0,10.0,11.0,7.0,4.0,13.0,10.0,15.0,19.0
3271,11.0,8.0,10.0,16.0,7.0,4.0,13.0,11.0,14.0,19.0
3272,13.0,9.0,11.0,15.0,10.0,5.0,14.0,13.0,15.0,21.0
3273,11.0,8.0,9.0,14.0,8.0,8.0,12.0,11.0,9.0,17.0
3274,11.0,7.0,14.0,13.0,7.0,6.0,11.0,13.0,7.0,13.0
3275,12.0,8.0,14.0,13.0,8.0,10.0,12.0,12.0,9.0,13.0
3276,12.0,6.0,14.0,12.0,7.0,11.0,10.0,13.0,8.0,12.0
3277,11.0,7.0,13.0,13.0,8.0,12.0,11.0,14.0,11.0,10.0
3278,11.0,4.0,12.0,13.0,5.0,9.0,9.0,11.0,8.0,8.0
3279,12.0,4.0,11.0,10.0,5.0,10.0,9.0,11.0,10.0,8.0
3280,13.0,6.0,13.0,8.0,5.0,9.0,9.0,10.0,12.0,8.0
3281,16.0,4.0,12.0,10.0,5.0,10.0,9.0,12.0,9.0,8.0
3282,19.0,6.0,12.0,11.0,5.0,10.0,9.0,13.0,10.0,6.0
3283,17.0,6.0,11.0,12.0,5.0,8.0,9.0,12.0,10.0,4.0
3284,17.0,6.0,11.0,12.0,5.0,8.0,10.0,11.0,11.0,3.0
3285,17.0,8.0,14.0,15.0,3.0,9.0,12.0,12.0,10.0,5.0
3286,20.0,6.0,12.0,16.0,3.0,7.0,10.0,11.0,12.0,6.0
3287,19.0,5.0,12.0,17.0,2.0,6.0,10.0,12.0,14.0,6.0
3288,17.0,3.0,10.0,13.0,1.0,7.0,8.0,13.0,13.0,5.0
3289,15.0,2.0,11.0,14.0,4.0,6.0,8.0,13.0,12.0,4.0
3290,16.0,4.0,11.0,11.0,5.0,7.0,9.0,11.0,13.0,7.0
3291,14.0,5.0,11.0,11.0,5.0,6.0,9.0,13.0,14.0,7.0
3292,14.0,8.0,11.0,11.0,4.0,8.0,10.0,11.0,16.0,6.0
3293,14.0,5.0,7.0,7.0,5.0,8.0,11.0,10.0,13.0,7.0
3294,14.0,3.0,6.0,6.0,5.0,9.0,12.0,9.0,10.0,6.0
3295,14.0,5.0,5.0,5.0,5.0,11.0,13.0,8.0,10.0,5.0
3296,11.0,7.0,6.0,8.0,4.0,12.0,14.0,7.0,11.0,3.0
3297,12.0,9.0,6.0,11.0,4.0,14.0,14.0,8.0,12.0,4.0
3298,13.0,10.0,4.0,9.0,2.0,11.0,14.0,8.0,12.0,5.0
3299,10.0,9.0,5.0,7.0,5.0,11.0,10.0,7.0,12.0,8.0
3300,12.0,6.0,5.0,7.0,6.0,11.0,8.0,9.0,12.0,7.0
3301,13.0,7.0,4.0,9.0,6.0,10.0,6.0,13.0,11.0,8.0
3302,16.0,12.0,3.0,11.0,6.0,9.0,5.0,15.0,7.0,8.0
3303,14.0,11.0,1.0,8.0,7.0,10.0,6.0,13.0,7.0,7.0
3304,13.0,16.0,3.0,9.0,7.0,8.0,8.0,10.0,5.0,10.0
3305,14.0,15.0,3.0,12.0,9.0,8.0,11.0,11.0,5.0,11.0
3306,13.0,16.0,3.0,14.0,6.0,10.0,13.0,12.0,9.0,12.0
3307,14.0,19.0,5.0,14.0,4.0,8.0,13.0,10.0,9.0,13.0
3308,12.0,17.0,6.0,14.0,5.0,8.0,12.0,10.0,6.0,13.0
3309,11.0,14.0,4.0,16.0,3.0,8.0,12.0,11.0,9.0,12.0
3310,9.0,16.0,4.0,13.0,6.0,7.0,12.0,13.0,11.0,13.0
3311,10.0,17.0,3.0,13.0,5.0,7.0,11.0,15.0,9.0,15.0
3312,10.0,20.0,7.0,15.0,8.0,5.0,9.0,15.0,12.0,15.0
3313,9.0,17.0,3.0,12.0,9.0,3.0,7.0,18.0,10.0,14.0
3314,10.0,18.0,7.0,15.0,12.0,3.0,3.0,17.0,8.0,12.0
3315,11.0,20.0,11.0,11.0,13.0,2.0,5.0,17.0,8.0,13.0
3316,12.0,19.0,12.0,13.0,16.0,5.0,5.0,11.0,10.0,15.0
3317,13.0,20.0,15.0,15.0,18.0,7.0,5.0,12.0,11.0,14.0
3318,13.0,19.0,11.0,14.0,14.0,4.0,4.0,11.0,9.0,15.0
3319,12.0,18.0,8.0,13.0,15.0,8.0,4.0,16.0,8.0,13.0
3320,11.0,16.0,8.0,11.0,13.0,7.0,7.0,18.0,9.0,14.0
3321,11.0,15.0,7.0,14.0,13.0,8.0,8.0,22.0,10.0,14.0
3322,12.0,16.0,8.0,15.0,17.0,10.0,9.0,21.0,11.0,15.0
3323,10.0,12.0,5.0,11.0,14.0,11.0,9.0,17.0,10.0,16.0
3324,10.0,12.0,6.0,13.0,11.0,9.0,10.0,16.0,11.0,15.0
3325,9.0,15.0,5.0,13.0,12.0,8.0,10.0,18.0,9.0,17.0
3326,9.0,11.0,5.0,14.0,12.0,10.0,8.0,15.0,12.0,16.0
3327,6.0,11.0,9.0,14.0,13.0,11.0,8.0,17.0,15.0,16.0
3328,7.0,9.0,8.0,15.0,11.0,10.0,4.0,13.0,15.0,14.0
3329,11.0,8.0,7.0,14.0,10.0,12.0,5.0,12.0,14.0,15.0
3330,10.0,7.0,9.0,13.0,11.0,15.0,7.0,10.0,12.0,13.0
3331,11.0,10.0,11.0,12.0,12.0,17.0,8.0,11.0,15.0,13.0
3332,10.0,12.0,10.0,14.0,15.0,17.0,8.0,11.0,16.0,16.0
3333,7.0,10.0,8.0,12.0,14.0,17.0,7.0,10.0,14.0,11.0
3334,7.0,13.0,8.0,14.0,11.0,15.0,8.0,10.0,13.0,12.0
3335,7.0,14.0,7.0,13.0,12.0,14.0,9.0,11.0,11.0,14.0
3336,10.0,16.0,8.0,14.0,14.0,13.0,9.0,14.0,14.0,13.0
3337,10.0,17.0,8.0,15.0,15.0,14.0,10.0,14.0,9.0,15.0
3338,7.0,17.0,7.0,14.0,14.0,11.0,8.0,11.0,10.0,14.0
3339,7.0,15.0,7.0,15.0,14.0,11.0,6.0,8.0,12.0,13.0
3340,4.0,14.0,10.0,15.0,11.0,15.0,9.0,10.0,17.0,14.0
3341,7.0,14.0,10.0,18.0,15.0,13.0,8.0,13.0,18.0,14.0
3342,8.0,14.0,12.0,15.0,16.0,11.0,9.0,17.0,18.0,16.0
3343,8.0,10.0,8.0,14.0,17.0,8.0,11.0,14.0,17.0,14.0
3344,8.0,9.0,7.0,13.0,16.0,9.0,7.0,15.0,17.0,16.0
3345,10.0,11.0,8.0,12.0,15.0,9.0,10.0,15.0,18.0,16.0
3346,11.0,9.0,10.0,11.0,15.0,11.0,9.0,12.0,22.0,16.0
3347,11.0,8.0,11.0,8.0,15.0,12.0,11.0,12.0,26.0,16.0
3348,9.0,8.0,9.0,11.0,13.0,11.0,10.0,11.0,18.0,15.0
3349,7.0,9.0,9.0,9.0,11.0,13.0,9.0,10.0,18.0,13.0
3350,6.0,9.0,9.0,9.0,15.0,11.0,9.0,10.0,20.0,13.0
3351,6.0,10.0,8.0,10.0,17.0,11.0,9.0,11.0,18.0,13.0
3352,8.0,10.0,9.0,12.0,18.0,14.0,9.0,11.0,19.0,15.0
3353,6.0,6.0,7.0,9.0,16.0,12.0,7.0,8.0,20.0,13.0
3354,7.0,6.0,11.0,7.0,15.0,9.0,6.0,11.0,18.0,17.0
3355,11.0,7.0,11.0,6.0,15.0,10.0,7.0,13.0,19.0,17.0
3356,11.0,2.0,11.0,6.0,15.0,12.0,9.0,14.0,18.0,17.0
3357,13.0,2.0,13.0,7.0,18.0,12.0,10.0,17.0,19.0,18.0
3358,10.0,4.0,11.0,8.0,15.0,17.0,8.0,12.0,14.0,15.0
3359,10.0,5.0,8.0,7.0,11.0,18.0,10.0,12.0,12.0,13.0
3360,10.0,4.0,7.0,9.0,11.0,18.0,10.0,12.0,15.0,12.0
3361,15.0,3.0,9.0,12.0,12.0,18.0,11.0,14.0,19.0,12.0
3362,18.0,5.0,8.0,12.0,13.0,14.0,15.0,15.0,23.0,12.0
3363,17.0,2.0,8.0,8.0,13.0,10.0,13.0,14.0,21.0,11.0
3364,20.0,5.0,11.0,7.0,15.0,10.0,14.0,14.0,18.0,12.0
3365,20.0,7.0,13.0,8.0,16.0,7.0,12.0,15.0,17.0,11.0
3366,22.0,8.0,13.0,9.0,18.0,9.0,14.0,17.0,17.0,11.0
3367,24.0,11.0,17.0,10.0,19.0,8.0,15.0,18.0,16.0,12.0
3368,21.0,9.0,12.0,7.0,18.0,7.0,15.0,16.0,11.0,9.0
3369,16.0,6.0,10.0,7.0,17.0,6.0,18.0,14.0,13.0,8.0
3370,18.0,5.0,10.0,9.0,16.0,6.0,18.0,14.0,15.0,10.0
3371,17.0,4.0,10.0,8.0,16.0,3.0,19.0,11.0,14.0,9.0
3372,18.0,8.0,8.0,13.0,14.0,2.0,20.0,11.0,14.0,10.0
3373,14.0,6.0,3.0,10.0,11.0,2.0,18.0,10.0,12.0,10.0
3374,14.0,7.0,4.0,11.0,9.0,4.0,19.0,10.0,11.0,9.0
3375,14.0,10.0,6.0,10.0,12.0,7.0,18.0,10.0,11.0,10.0
3376,16.0,11.0,8.0,8.0,11.0,7.0,16.0,12.0,13.0,10.0
3377,18.0,9.0,10.0,15.0,12.0,7.0,13.0,12.0,12.0,10.0
3378,17.0,9.0,7.0,13.0,11.0,5.0,11.0,10.0,9.0,11.0
3379,17.0,9.0,7.0,13.0,12.0,3.0,8.0,10.0,10.0,10.0
3380,16.0,9.0,7.0,12.0,9.0,4.0,9.0,9.0,6.0,9.0
3381,18.0,11.0,7.0,10.0,10.0,5.0,10.0,12.0,8.0,10.0
3382,19.0,14.0,6.0,10.0,8.0,9.0,10.0,14.0,8.0,12.0
3383,14.0,14.0,3.0,8.0,4.0,5.0,8.0,12.0,6.0,7.0
3384,16.0,17.0,4.0,7.0,6.0,5.0,9.0,12.0,5.0,6.0
3385,19.0,18.0,5.0,8.0,5.0,4.0,8.0,12.0,4.0,7.0
3386,19.0,19.0,4.0,10.0,5.0,4.0,11.0,12.0,7.0,7.0
3387,19.0,21.0,3.0,13.0,6.0,4.0,10.0,12.0,7.0,8.0
3388,19.0,20.0,6.0,11.0,4.0,3.0,9.0,13.0,8.0,8.0
3389,17.0,19.0,7.0,14.0,4.0,4.0,6.0,12.0,10.0,7.0
3390,16.0,18.0,7.0,14.0,6.0,4.0,9.0,14.0,13.0,8.0
3391,15.0,16.0,8.0,13.0,6.0,5.0,6.0,14.0,13.0,10.0
3392,16.0,20.0,11.0,14.0,9.0,8.0,6.0,16.0,15.0,11.0
3393,13.0,17.0,11.0,11.0,7.0,7.0,3.0,14.0,15.0,9.0
3394,13.0,22.0,9.0,11.0,10.0,7.0,3.0,12.0,12.0,8.0
3395,15.0,22.0,7.0,12.0,8.0,8.0,5.0,10.0,11.0,9.0
3396,13.0,24.0,8.0,13.0,9.0,8.0,5.0,10.0,11.0,9.0
3397,14.0,23.0,7.0,14.0,6.0,11.0,8.0,11.0,10.0,10.0
3398,10.0,18.0,4.0,13.0,4.0,6.0,6.0,8.0,7.0,6.0
3399,8.0,13.0,4.0,12.0,2.0,3.0,5.0,8.0,7.0,5.0
3400,9.0,14.0,8.0,13.0,4.0,4.0,3.0,9.0,7.0,4.0
3401,11.0,16.0,10.0,12.0,3.0,5.0,6.0,9.0,9.0,6.0
3402,11.0,18.0,11.0,12.0,4.0,7.0,8.0,12.0,12.0,7.0
3403,11.0,13.0,11.0,12.0,5.0,5.0,9.0,10.0,9.0,8.0
3404,11.0,12.0,12.0,11.0,7.0,4.0,6.0,10.0,10.0,8.0
3405,13.0,12.0,11.0,14.0,9.0,6.0,6.0,12.0,12.0,12.0
3406,11.0,13.0,10.0,13.0,9.0,8.0,7.0,12.0,10.0,17.0
3407,14.0,15.0,9.0,15.0,10.0,10.0,8.0,15.0,11.0,19.0
3408,9.0,15.0,7.0,14.0,10.0,9.0,9.0,13.0,9.0,18.0
3409,10.0,11.0,5.0,16.0,11.0,6.0,12.0,13.0,8.0,20.0
3410,11.0,10.0,6.0,20.0,10.0,7.0,12.0,18.0,7.0,18.0
3411,14.0,13.0,7.0,21.0,12.0,4.0,13.0,15.0,8.0,19.0
3412,15.0,15.0,8.0,21.0,12.0,5.0,12.0,17.0,10.0,19.0
3413,13.0,13.0,9.0,21.0,10.0,5.0,10.0,16.0,9.0,11.0
3414,12.0,12.0,10.0,19.0,12.0,5.0,10.0,16.0,8.0,11.0
3415,14.0,12.0,11.0,16.0,13.0,7.0,9.0,14.0,9.0,12.0
3416,13.0,14.0,12.0,16.0,15.0,10.0,12.0,13.0,9.0,14.0
3417,15.0,17.0,15.0,17.0,17.0,12.0,13.0,16.0,13.0,14.0
3418,13.0,17.0,10.0,16.0,15.0,7.0,11.0,18.0,9.0,12.0
3419,13.0,15.0,10.0,15.0,18.0,7.0,12.0,17.0,11.0,13.0
3420,14.0,18.0,12.0,17.0,18.0,7.0,13.0,16.0,12.0,11.0
3421,14.0,21.0,12.0,16.0,18.0,9.0,13.0,17.0,12.0,11.0
3422,13.0,23.0,14.0,16.0,21.0,13.0,14.0,19.0,13.0,15.0
3423,10.0,19.0,13.0,11.0,17.0,10.0,10.0,14.0,14.0,10.0
3424,10.0,15.0,12.0,13.0,17.0,6.0,8.0,14.0,13.0,10.0
3425,11.0,11.0,9.0,11.0,16.0,5.0,7.0,12.0,12.0,16.0
3426,13.0,9.0,10.0,12.0,17.0,4.0,10.0,13.0,13.0,16.0
3427,14.0,5.0,10.0,12.0,19.0,5.0,11.0,13.0,12.0,20.0
3428,13.0,5.0,9.0,12.0,16.0,4.0,6.0,12.0,9.0,19.0
3429,14.0,3.0,9.0,11.0,16.0,7.0,8.0,10.0,9.0,17.0
3430,14.0,6.0,11.0,12.0,12.0,10.0,7.0,12.0,10.0,18.0
3431,12.0,9.0,11.0,13.0,13.0,13.0,6.0,11.0,9.0,19.0
3432,13.0,12.0,13.0,13.0,14.0,12.0,7.0,13.0,10.0,21.0
3433,9.0,8.0,11.0,10.0,11.0,10.0,8.0,12.0,8.0,19.0
3434,9.0,9.0,12.0,13.0,11.0,10.0,7.0,11.0,8.0,20.0
3435,10.0,12.0,9.0,15.0,15.0,10.0,6.0,10.0,7.0,20.0
3436,15.0,13.0,10.0,17.0,13.0,15.0,8.0,11.0,6.0,21.0
3437,18.0,12.0,12.0,17.0,12.0,16.0,9.0,11.0,7.0,20.0
3438,14.0,12.0,13.0,13.0,13.0,14.0,6.0,11.0,7.0,17.0
3439,13.0,13.0,13.0,10.0,11.0,12.0,4.0,12.0,9.0,16.0
3440,15.0,13.0,15.0,14.0,9.0,11.0,4.0,13.0,6.0,13.0
3441,13.0,16.0,17.0,14.0,11.0,14.0,7.0,16.0,5.0,12.0
3442,13.0,15.0,14.0,14.0,14.0,13.0,8.0,16.0,5.0,13.0
3443,12.0,13.0,12.0,12.0,10.0,14.0,9.0,14.0,3.0,12.0
3444,12.0,16.0,13.0,12.0,11.0,13.0,8.0,15.0,3.0,13.0
3445,12.0,15.0,14.0,12.0,12.0,13.0,9.0,14.0,4.0,14.0
3446,13.0,13.0,14.0,13.0,11.0,13.0,9.0,15.0,3.0,13.0
3447,13.0,15.0,16.0,13.0,12.0,16.0,13.0,14.0,6.0,15.0
3448,9.0,14.0,12.0,12.0,10.0,13.0,11.0,10.0,6.0,11.0
3449,10.0,12.0,12.0,13.0,5.0,15.0,14.0,10.0,4.0,10.0
3450,10.0,14.0,15.0,12.0,5.0,16.0,17.0,9.0,2.0,10.0
3451,11.0,13.0,16.0,12.0,5.0,15.0,16.0,12.0,3.0,14.0
3452,15.0,14.0,18.0,13.0,6.0,15.0,15.0,13.0,1.0,16.0
3453,9.0,16.0,14.0,9.0,8.0,12.0,14.0,12.0,5.0,13.0
3454,8.0,12.0,11.0,12.0,11.0,7.0,12.0,13.0,4.0,15.0
3455,7.0,14.0,10.0,11.0,13.0,6.0,10.0,11.0,8.0,16.0
3456,8.0,13.0,9.0,11.0,13.0,7.0,11.0,12.0,9.0,13.0
3457,8.0,10.0,8.0,13.0,12.0,7.0,12.0,12.0,9.0,13.0
3458,7.0,7.0,7.0,8.0,10.0,7.0,12.0,8.0,7.0,11.0
3459,7.0,5.0,7.0,9.0,12.0,11.0,14.0,8.0,3.0,11.0
3460,4.0,6.0,7.0,7.0,9.0,14.0,16.0,8.0,2.0,10.0
3461,5.0,9.0,11.0,10.0,8.0,16.0,17.0,8.0,3.0,11.0
3462,7.0,8.0,12.0,10.0,13.0,17.0,20.0,7.0,4.0,12.0
3463,7.0,7.0,10.0,10.0,12.0,15.0,15.0,4.0,2.0,9.0
3464,6.0,9.0,13.0,11.0,12.0,15.0,15.0,4.0,4.0,12.0
3465,3.0,9.0,12.0,13.0,13.0,15.0,16.0,4.0,6.0,12.0
3466,5.0,7.0,14.0,15.0,12.0,16.0,14.0,5.0,5.0,12.0
3467,9.0,8.0,15.0,17.0,15.0,14.0,13.0,5.0,6.0,11.0
3468,8.0,6.0,13.0,14.0,14.0,11.0,11.0,5.0,5.0,9.0
3469,9.0,6.0,13.0,13.0,13.0,11.0,11.0,4.0,7.0,7.0
3470,12.0,6.0,11.0,13.0,12.0,10.0,11.0,7.0,7.0,6.0
3471,14.0,9.0,11.0,13.0,13.0,10.0,13.0,7.0,9.0,11.0
3472,16.0,11.0,11.0,12.0,11.0,12.0,12.0,6.0,9.0,14.0
3473,14.0,8.0,11.0,10.0,11.0,7.0,13.0,5.0,12.0,11.0
3474,13.0,6.0,10.0,10.0,11.0,6.0,14.0,6.0,10.0,10.0
3475,9.0,9.0,12.0,10.0,11.0,8.0,15.0,6.0,11.0,10.0
3476,11.0,8.0,10.0,14.0,10.0,7.0,14.0,5.0,12.0,9.0
3477,12.0,9.0,8.0,12.0,11.0,9.0,16.0,5.0,13.0,11.0
3478,10.0,8.0,8.0,12.0,10.0,9.0,14.0,4.0,13.0,11.0
3479,11.0,8.0,10.0,14.0,10.0,7.0,13.0,3.0,11.0,9.0
3480,13.0,9.0,9.0,14.0,10.0,7.0,13.0,4.0,12.0,9.0
3481,13.0,11.0,9.0,13.0,12.0,7.0,14.0,5.0,13.0,10.0
3482,17.0,11.0,12.0,14.0,14.0,7.0,14.0,6.0,12.0,11.0
3483,15.0,12.0,10.0,11.0,11.0,5.0,10.0,4.0,12.0,9.0
3484,14.0,14.0,9.0,8.0,11.0,7.0,10.0,5.0,9.0,8.0
3485,15.0,14.0,9.0,9.0,13.0,9.0,12.0,5.0,11.0,11.0
3486,15.0,18.0,11.0,10.0,14.0,11.0,11.0,7.0,8.0,8.0
3487,14.0,20.0,12.0,10.0,17.0,13.0,16.0,7.0,8.0,9.0
3488,11.0,18.0,10.0,6.0,11.0,11.0,14.0,4.0,9.0,9.0
3489,9.0,20.0,11.0,7.0,12.0,11.0,13.0,6.0,12.0,8.0
3490,12.0,19.0,11.0,6.0,9.0,10.0,12.0,6.0,9.0,12.0
3491,10.0,17.0,9.0,8.0,9.0,12.0,11.0,4.0,9.0,12.0
3492,13.0,17.0,11.0,6.0,9.0,13.0,13.0,6.0,11.0,9.0
3493,12.0,14.0,7.0,7.0,7.0,13.0,13.0,4.0,11.0,5.0
3494,11.0,16.0,6.0,7.0,9.0,13.0,12.0,3.0,10.0,8.0
3495,11.0,18.0,7.0,9.0,9.0,14.0,13.0,3.0,11.0,10.0
3496,15.0,20.0,7.0,9.0,11.0,14.0,13.0,3.0,12.0,6.0
3497,15.0,19.0,7.0,9.0,12.0,15.0,14.0,4.0,13.0,8.0
3498,12.0,15.0,7.0,9.0,12.0,11.0,8.0,4.0,12.0,4.0
3499,12.0,17.0,6.0,10.0,12.0,10.0,8.0,4.0,12.0,3.0
3500,12.0,15.0,5.0,9.0,11.0,8.0,8.0,6.0,11.0,3.0
3501,15.0,13.0,2.0,9.0,11.0,9.0,10.0,6.0,12.0,6.0
3502,15.0,14.0,3.0,10.0,11.0,13.0,12.0,5.0,14.0,6.0
3503,12.0,12.0,6.0,7.0,7.0,11.0,8.0,4.0,9.0,6.0
3504,12.0,9.0,2.0,5.0,5.0,14.0,9.0,4.0,8.0,10.0
3505,13.0,12.0,1.0,5.0,7.0,13.0,9.0,4.0,8.0,11.0
3506,13.0,10.0,2.0,7.0,8.0,16.0,10.0,8.0,10.0,13.0
3507,15.0,11.0,3.0,8.0,7.0,15.0,12.0,8.0,10.0,13.0
3508,12.0,8.0,6.0,7.0,3.0,15.0,11.0,9.0,9.0,12.0
3509,13.0,11.0,8.0,9.0,3.0,13.0,10.0,10.0,9.0,11.0
3510,15.0,14.0,8.0,11.0,3.0,14.0,9.0,11.0,8.0,11.0
3511,14.0,12.0,5.0,13.0,5.0,14.0,9.0,12.0,8.0,13.0
3512,15.0,10.0,6.0,14.0,7.0,13.0,10.0,14.0,10.0,17.0
3513,12.0,6.0,2.0,12.0,7.0,9.0,6.0,11.0,9.0,14.0
3514,12.0,4.0,3.0,12.0,7.0,10.0,8.0,11.0,10.0,17.0
3515,14.0,3.0,3.0,9.0,9.0,10.0,10.0,11.0,10.0,17.0
3516,12.0,6.0,5.0,14.0,8.0,10.0,8.0,13.0,10.0,17.0
3517,13.0,9.0,5.0,18.0,9.0,14.0,9.0,11.0,9.0,15.0
3518,13.0,7.0,3.0,14.0,9.0,10.0,9.0,10.0,10.0,14.0
3519,16.0,8.0,3.0,11.0,11.0,10.0,7.0,7.0,5.0,12.0
3520,19.0,9.0,7.0,13.0,10.0,10.0,7.0,6.0,9.0,12.0
3521,18.0,9.0,7.0,15.0,12.0,10.0,7.0,6.0,11.0,13.0
3522,20.0,9.0,5.0,17.0,13.0,11.0,9.0,9.0,10.0,14.0
3523,20.0,10.0,5.0,15.0,9.0,6.0,4.0,8.0,4.0,12.0
3524,18.0,9.0,6.0,17.0,7.0,10.0,3.0,8.0,4.0,13.0
3525,16.0,7.0,5.0,16.0,8.0,10.0,4.0,8.0,5.0,16.0
3526,16.0,6.0,6.0,17.0,10.0,11.0,7.0,9.0,6.0,16.0
3527,17.0,8.0,6.0,17.0,9.0,11.0,6.0,10.0,6.0,17.0
3528,13.0,8.0,8.0,16.0,7.0,11.0,4.0,6.0,4.0,16.0
3529,13.0,10.0,8.0,14.0,7.0,10.0,4.0,7.0,3.0,11.0
3530,13.0,10.0,9.0,14.0,7.0,10.0,2.0,7.0,3.0,13.0
3531,12.0,11.0,11.0,14.0,9.0,9.0,6.0,7.0,7.0,13.0
3532,15.0,14.0,13.0,15.0,11.0,8.0,7.0,7.0,8.0,12.0
3533,12.0,12.0,15.0,13.0,11.0,7.0,5.0,4.0,7.0,10.0
3534,10.0,11.0,14.0,12.0,10.0,5.0,8.0,3.0,8.0,10.0
3535,9.0,13.0,13.0,15.0,12.0,6.0,8.0,5.0,9.0,10.0
3536,11.0,12.0,13.0,17.0,13.0,5.0,8.0,7.0,7.0,14.0
3537,11.0,11.0,11.0,18.0,14.0,7.0,6.0,7.0,6.0,15.0
3538,10.0,6.0,9.0,14.0,12.0,5.0,3.0,4.0,8.0,14.0
3539,9.0,9.0,11.0,15.0,10.0,4.0,4.0,5.0,7.0,14.0
3540,10.0,7.0,9.0,14.0,11.0,6.0,2.0,5.0,9.0,14.0
3541,9.0,11.0,10.0,15.0,13.0,6.0,2.0,8.0,9.0,14.0
3542,9.0,13.0,9.0,18.0,15.0,6.0,4.0,11.0,12.0,15.0
3543,9.0,11.0,7.0,14.0,14.0,8.0,2.0,6.0,11.0,12.0
3544,8.0,7.0,5.0,13.0,15.0,7.0,3.0,6.0,12.0,12.0
3545,7.0,6.0,6.0,10.0,14.0,10.0,2.0,7.0,13.0,13.0
3546,7.0,8.0,7.0,11.0,13.0,12.0,4.0,7.0,15.0,15.0
3547,9.0,6.0,6.0,12.0,14.0,14.0,6.0,8.0,17.0,14.0
3548,8.0,8.0,6.0,11.0,10.0,13.0,7.0,7.0,18.0,14.0
3549,9.0,10.0,9.0,11.0,10.0,13.0,7.0,6.0,17.0,13.0
3550,10.0,11.0,10.0,11.0,9.0,12.0,5.0,5.0,15.0,13.0
3551,11.0,11.0,9.0,12.0,12.0,11.0,4.0,7.0,16.0,13.0
3552,10.0,13.0,7.0,13.0,12.0,13.0,4.0,6.0,15.0,13.0
3553,9.0,10.0,6.0,13.0,9.0,9.0,4.0,6.0,10.0,11.0
3554,10.0,8.0,5.0,12.0,10.0,6.0,3.0,7.0,8.0,10.0
3555,8.0,5.0,4.0,15.0,9.0,8.0,5.0,6.0,10.0,9.0
3556,7.0,6.0,4.0,13.0,10.0,8.0,6.0,6.0,6.0,10.0
3557,6.0,9.0,5.0,13.0,13.0,12.0,8.0,6.0,5.0,10.0
3558,4.0,11.0,5.0,10.0,10.0,9.0,6.0,7.0,5.0,10.0
3559,3.0,13.0,4.0,11.0,10.0,7.0,8.0,7.0,6.0,11.0
3560,4.0,13.0,5.0,8.0,6.0,7.0,7.0,9.0,5.0,10.0
3561,7.0,16.0,8.0,12.0,7.0,8.0,8.0,9.0,7.0,12.0
3562,4.0,19.0,8.0,13.0,7.0,7.0,9.0,11.0,8.0,12.0
3563,4.0,14.0,7.0,12.0,7.0,6.0,10.0,6.0,8.0,10.0
3564,4.0,12.0,7.0,12.0,6.0,6.0,12.0,4.0,9.0,9.0
3565,5.0,9.0,7.0,15.0,8.0,8.0,13.0,5.0,9.0,11.0
3566,5.0,11.0,9.0,17.0,9.0,10.0,14.0,5.0,10.0,9.0
3567,7.0,12.0,9.0,20.0,9.0,10.0,14.0,6.0,11.0,8.0
3568,7.0,10.0,7.0,17.0,9.0,5.0,13.0,4.0,12.0,8.0
3569,6.0,9.0,8.0,15.0,9.0,5.0,13.0,4.0,9.0,7.0
3570,9.0,10.0,7.0,15.0,10.0,4.0,12.0,5.0,12.0,9.0
3571,10.0,8.0,9.0,15.0,13.0,6.0,12.0,6.0,12.0,13.0
3572,10.0,9.0,9.0,15.0,17.0,6.0,12.0,9.0,14.0,12.0
3573,8.0,9.0,11.0,11.0,14.0,4.0,12.0,9.0,10.0,8.0
3574,10.0,10.0,10.0,12.0,12.0,5.0,13.0,8.0,14.0,8.0
3575,9.0,10.0,10.0,16.0,13.0,9.0,11.0,6.0,15.0,7.0
3576,12.0,8.0,10.0,12.0,12.0,12.0,13.0,9.0,13.0,9.0
3577,14.0,9.0,11.0,9.0,10.0,11.0,12.0,10.0,13.0,11.0
3578,11.0,9.0,9.0,9.0,8.0,11.0,12.0,9.0,11.0,8.0
3579,9.0,11.0,8.0,7.0,7.0,10.0,11.0,11.0,9.0,6.0
3580,5.0,14.0,7.0,9.0,10.0,8.0,10.0,10.0,8.0,6.0
3581,4.0,13.0,8.0,13.0,11.0,10.0,10.0,9.0,10.0,7.0
3582,8.0,14.0,8.0,12.0,11.0,10.0,12.0,10.0,13.0,6.0
3583,6.0,13.0,5.0,9.0,10.0,10.0,11.0,10.0,12.0,8.0
3584,8.0,12.0,5.0,11.0,6.0,9.0,11.0,12.0,11.0,7.0
3585,9.0,11.0,6.0,12.0,6.0,13.0,12.0,12.0,14.0,7.0
3586,11.0,10.0,6.0,12.0,6.0,12.0,14.0,12.0,14.0,8.0
3587,12.0,10.0,8.0,11.0,8.0,14.0,15.0,14.0,15.0,7.0
3588,14.0,7.0,8.0,11.0,9.0,11.0,13.0,11.0,14.0,5.0
3589,12.0,9.0,6.0,11.0,10.0,12.0,12.0,10.0,12.0,6.0
3590,13.0,9.0,7.0,11.0,12.0,10.0,11.0,11.0,11.0,4.0
3591,13.0,13.0,9.0,10.0,12.0,11.0,15.0,10.0,12.0,6.0
3592,14.0,11.0,11.0,10.0,12.0,13.0,16.0,9.0,15.0,5.0
3593,11.0,8.0,5.0,7.0,12.0,6.0,15.0,7.0,14.0,3.0
3594,14.0,8.0,8.0,7.0,11.0,5.0,14.0,7.0,14.0,5.0
3595,10.0,7.0,8.0,8.0,10.0,9.0,15.0,7.0,13.0,5.0
3596,9.0,9.0,7.0,7.0,13.0,9.0,19.0,8.0,12.0,9.0
3597,10.0,10.0,9.0,7.0,14.0,8.0,18.0,10.0,13.0,10.0
3598,8.0,11.0,9.0,7.0,13.0,8.0,15.0,8.0,12.0,13.0
3599,8.0,13.0,7.0,9.0,13.0,7.0,13.0,7.0,11.0,13.0
3600,7.0,15.0,9.0,8.0,14.0,6.0,11.0,9.0,11.0,14.0
